"run" "onset" "image" "lead_up" "rep_num" "fix_num" "response" "rt" "null" "face_gen" "bad" "dfixnum" "mfixnum" "fixdiff12" "fixdiff23" "fixdiff34" "fixdiff14" "rslope" "nrslope" "fixnplus1" "fixnminus1"
1 12 "M108.jpg" 1 1 7 1 1.99 0 "male" 0 0 7 0 0 0 0 0 0 NA NA
1 18 "null.jpg" 1 -1 6 3 1.06 1 "n/a" 0 0 0 0 0 0 0 0 0 NA NA
1 24 "M109.jpg" 1 1 11 2 2.23 0 "male" 0 0 12.5 0 0 0 0 0 0 3 NA
1 30 "null.jpg" 1 -1 4 3 0.91 1 "n/a" 0 0 0 0 0 0 0 0 0 NA NA
1 36 "F110.jpg" 1 1 11 2 2.76 0 "female" 0 0 10.3333333333333 0 0 0 0 0 0 0 NA
1 42 "F101.jpg" 1 1 10 1 2.34 0 "female" 0 0 10 0 0 0 0 0 0 0 NA
1 48 "F109.jpg" 1 1 11 2 2.71 0 "female" 0 0 12 0 0 0 0 0 0 2 NA
1 54 "M101.jpg" 1 1 14 2 1.36 0 "male" 0 0 10.25 0 0 0 0 0 0 -5 NA
1 60 "M110.jpg" 1 1 9 2 1.32 0 "male" 0 0 9.33333333333333 0 0 0 0 0 0 -1 NA
1 66 "F108.jpg" 1 1 11 2 2.23 0 "female" 0 0 11 0 0 0 0 0 0 NA NA
1 72 "F109.jpg" 1 2 13 2 2.52 0 "female" 0 0.166666666666667 12 0 0 0 0 0 0 NA 2
1 78 "F101.jpg" 1 2 10 1 2.32 0 "female" 0 0 10 0 0 0 0 0 0 2 0
1 84 "null.jpg" 1 -1 5 3 0.9 1 "n/a" 0 0 0 0 0 0 0 0 0 NA NA
1 90 "M110.jpg" 1 2 8 2 1.61 0 "male" 0 -0.107142857142857 9.33333333333333 0 0 0 0 0 0 3 -1
1 96 "F110.jpg" 1 2 11 2 2.11 0 "female" 0 0 10.3333333333333 0 0 0 0 0 0 -2 0
1 102 "F102.jpg" 1 1 13 2 2.05 0 "female" 0 0 11.25 0 0 0 0 0 0 -2 NA
1 108 "M102.jpg" 1 1 12 2 2.42 0 "male" 0 0 10.75 0 0 0 0 0 0 -2 NA
1 114 "null.jpg" 1 -1 3 3 1.28 1 "n/a" 0 0 0 0 0 0 0 0 0 NA NA
1 120 "M101.jpg" 1 2 9 2 1.29 0 "male" 0 -0.48780487804878 10.25 0 0 0 0 0 0 -1 -5
1 126 "M109.jpg" 1 2 14 2 1.62 0 "male" 0 0.24 12.5 0 0 0 0 0 0 NA 3
1 132 "F103.jpg" 1 1 13 1 2.94 0 "female" 0 0 11 0 0 0 0 0 0 0 NA
1 138 "F110.jpg" 1 3 9 2 1.11 0 "female" 0 -0.193548387096774 10.3333333333333 0 0 0 0 0.0403027426493037 0.0228669034760412 NA -2
1 144 "M101.jpg" 1 3 8 2 1.34 0 "male" 0 -0.0975609756097561 10.25 0 0 0 0 0 0 2 -1
1 150 "F102.jpg" 1 2 11 1 2.48 0 "female" 0 -0.177777777777778 11.25 0 0 0 0 0 0 -2 -2
1 156 "null.jpg" 1 -1 6 3 0.84 1 "n/a" 0 0 0 0 0 0 0 0 0 NA NA
1 162 "M110.jpg" 1 3 11 2 0.79 0 "male" 0 0.321428571428571 9.33333333333333 0 0 0 0 1.85931017598381 1.82951309531584 NA 3
1 168 "M103.jpg" 1 1 9 2 1.69 0 "male" 0 0 7.25 0 0 0 0 0 0 0 NA
1 174 "F101.jpg" 1 3 12 1 1.54 0 "female" 0 0.2 10 0 0 0 0 0 0 -4 2
1 180 "null.jpg" 1 -1 8 3 0.72 1 "n/a" 0 0 0 0 0 0 0 0 0 NA NA
1 186 "M102.jpg" 1 2 10 2 2.48 0 "male" 0 -0.186046511627907 10.75 0 0 0 0 0 0 0 -2
1 192 "M104.jpg" 0 1 11 1 2.76 0 "male" 0 0 10 0 0 0 0 0 0 -1 NA
1 198 "null.jpg" 0 -1 4 3 1.14 1 "n/a" 0 0 0 0 0 0 0 0 0 NA NA
1 204 "null.jpg" 0 -1 6 3 1.06 1 "n/a" 0 0 0 0 0 0 0 0 0 NA NA
1 210 "F102.jpg" 0 3 9 1 2.01 0 "female" 0 -0.177777777777778 11.25 0 0 0 0 0 0 3 -2
1 216 "M102.jpg" 0 3 10 2 2.34 0 "male" 0 0 10.75 0 0 0 0 0 0 1 0
1 222 "M101.jpg" 0 4 10 2 1.64 0 "male" 0 0.195121951219512 10.25 0 0 0 0 -0.232548372350872 -0.0990264149308604 NA 2
1 228 "F103.jpg" 0 2 13 1 2.02 0 "female" 0 0 11 0 0 0 0 0 0 -4 0
1 234 "F104.jpg" 0 1 11 2 1.51 0 "female" 0 0 10.75 0 0 0 0 0 0 0 NA
1 240 "F101.jpg" 0 4 8 1 1.09 0 "female" 0 -0.4 10 0 0 0 0 0.493167102852082 0.328590597637507 NA -4
1 246 "M103.jpg" 0 2 9 2 1.68 0 "male" 0 0 7.25 0 0 0 0 0 0 -5 0
1 252 "null.jpg" 0 -1 3 3 0.77 1 "n/a" 0 0 0 0 0 0 0 0 0 NA NA
1 258 "M102.jpg" 0 4 11 2 2.11 0 "male" 0 0.0930232558139535 10.75 0 0 0 0 0.67695534431638 0.493685897100338 NA 1
1 264 "F105.jpg" 0 1 13 2 1.13 0 "female" 0 0 10.6666666666667 0 0 0 0 0 0 -2 NA
1 270 "M105.jpg" 0 1 13 1 2.15 0 "male" 0 0 12 0 0 0 0 0 0 0 NA
1 276 "F103.jpg" 0 3 9 1 1.27 0 "female" 0 -0.363636363636364 11 0 0 0 0 0 0 0 -4
1 282 "F104.jpg" 0 2 11 2 0.83 0 "female" 0 0 10.75 0 0 0 0 0 0 -1 0
1 288 "null.jpg" 0 -1 1 3 0.82 1 "n/a" 0 0 0 0 0 0 0 0 0 NA NA
1 294 "F102.jpg" 0 4 12 1 1.25 0 "female" 0 0.266666666666667 11.25 0 0 0 0 0.495054600982929 0.376230980220761 NA 3
1 300 "M103.jpg" 0 3 4 2 0.76 0 "male" 0 -0.689655172413793 7.25 0 0 0 0 0 0 3 -5
1 306 "M104.jpg" 0 2 10 1 1.74 0 "male" 0 -0.1 10 0 0 0 0 0 0 -1 -1
1 312 "M103.jpg" 0 4 7 2 0.75 0 "male" 0 0.413793103448276 7.25 0 0 0 0 0.045186062194017 -0.125760620129172 NA 3
1 318 "M104.jpg" 0 3 9 1 1.94 0 "male" 0 -0.1 10 0 0 0 0 0 0 1 -1
1 324 "F104.jpg" 0 3 10 2 1.7 0 "female" 0 -0.0930232558139535 10.75 0 0 0 0 0 0 1 -1
1 330 "M105.jpg" 0 2 13 1 2.09 0 "male" 0 0 12 0 0 0 0 0 0 -3 0
1 336 "M106.jpg" 0 1 13 2 1.04 0 "male" 0 0 10 0 0 0 0 0 0 -6 NA
1 342 "null.jpg" 0 -1 6 3 0.88 1 "n/a" 0 0 0 0 0 0 0 0 0 NA NA
1 348 "F105.jpg" 0 2 11 2 0.95 0 "female" 0 -0.1875 10.6666666666667 0 0 0 0 0 0 -3 -2
1 354 "F106.jpg" 0 1 12 2 0.99 0 "female" 0 0 11 0 0 0 0 0 0 -2 NA
1 360 "null.jpg" 0 -1 4 3 1.05 1 "n/a" 0 0 0 0 0 0 0 0 0 NA NA
1 366 "F103.jpg" 0 4 9 1 1.53 0 "female" 0 0 11 0 0 0 0 -0.505399487351046 -0.786898960545049 NA 0
1 372 "M104.jpg" 0 4 10 1 1.65 0 "male" 0 0.1 10 0 0 0 0 0.586004972649654 0.406929424405196 NA 1
1 378 "F105.jpg" 0 3 8 2 1.41 0 "female" 0 -0.28125 10.6666666666667 0 0 0 0 -1.32395283235157 -1.63110617561701 NA -3
1 384 "M105.jpg" 0 3 10 1 1.2 0 "male" 0 -0.25 12 0 0 0 0 -0.414449115684321 -0.693098158870386 NA -3
1 390 "M106.jpg" 0 2 7 2 1.05 0 "male" 0 -0.6 10 0 0 0 0 0 0 NA -6
1 396 "null.jpg" 0 -1 3 3 0.86 1 "n/a" 0 0 0 0 0 0 0 0 0 NA NA
1 402 "null.jpg" 0 -1 6 3 0.99 1 "n/a" 0 0 0 0 0 0 0 0 0 NA NA
1 408 "F106.jpg" 0 2 10 2 1.99 0 "female" 0 -0.181818181818182 11 0 0 0 0 0 0 NA -2
1 414 "F107.jpg" 0 1 14 1 1.13 0 "female" 0 0 14 0 0 0 0 0 0 NA NA
1 420 "F104.jpg" 0 4 11 2 1.76 0 "female" 0 0.0930232558139535 10.75 0 0 0 0 0.949712119648204 0.713834260169048 NA 1
1 426 "M107.jpg" 0 1 12 2 1.69 0 "male" 0 0 12 0 0 0 0 0 0 NA NA
2 12 "M119.jpg" 1 1 10 2 1.95 0 "male" 0 0 9 0 0 0 0 0 0 -2 NA
2 18 "M118.jpg" 1 1 13 1 0.86 0 "male" 0 0 13 0 0 0 0 0 0 NA NA
2 24 "M111.jpg" 1 1 12 2 1.53 0 "male" 0 0 10 0 0 0 0 0 0 0 NA
2 30 "F119.jpg" 1 1 15 1 1.13 0 "female" 0 0 13.5 0 0 0 0 0 0 -3 NA
2 36 "M120.jpg" 1 1 10 1 1.07 0 "male" 0 0 8 0 0 0 0 0 0 -2 NA
2 42 "null.jpg" 1 -1 7 3 1.17 1 "n/a" 0 0 0 0 0 0 0 0 0 NA NA
2 48 "F111.jpg" 1 1 11 1 1.94 0 "female" 0 0 8.25 0 0 0 0 0 0 -2 NA
2 54 "F118.jpg" 1 1 11 1 1.49 0 "female" 0 0 11 0 0 0 0 0 0 NA NA
2 60 "null.jpg" 1 -1 3 3 0.68 1 "n/a" 0 0 0 0 0 0 0 0 0 NA NA
2 66 "F120.jpg" 1 1 12 1 1.82 0 "female" 0 0 9.33333333333333 0 0 0 0 0 0 -3 NA
2 72 "M111.jpg" 1 2 12 2 1.61 0 "male" 0 0 10 0 0 0 0 0 0 -5 0
2 78 "M119.jpg" 1 2 8 2 1.2 0 "male" 0 -0.222222222222222 9 0 0 0 0 0 0 NA -2
2 84 "F112.jpg" 1 1 14 1 1.55 0 "female" 0 0 10.25 0 0 0 0 0 0 -6 NA
2 90 "F119.jpg" 1 2 12 1 1.17 0 "female" 0 -0.222222222222222 13.5 0 0 0 0 0 0 NA -3
2 96 "M112.jpg" 1 1 11 1 1.16 0 "male" 0 0 9 0 0 0 0 0 0 -4 NA
2 102 "null.jpg" 1 -1 1 3 1.02 1 "n/a" 0 0 0 0 0 0 0 0 0 NA NA
2 108 "F111.jpg" 1 2 9 1 1.28 0 "female" 0 -0.242424242424242 8.25 0 0 0 0 0 0 -4 -2
2 114 "F120.jpg" 1 2 9 1 1.17 0 "female" 0 -0.321428571428571 9.33333333333333 0 0 0 0 0 0 -2 -3
2 120 "null.jpg" 1 -1 4 3 1.41 1 "n/a" 0 0 0 0 0 0 0 0 0 NA NA
2 126 "M120.jpg" 1 2 8 1 2.12 0 "male" 0 -0.25 8 0 0 0 0 0 0 -2 -2
2 132 "null.jpg" 1 -1 6 3 0.86 1 "n/a" 0 0 0 0 0 0 0 0 0 NA NA
2 138 "M112.jpg" 1 2 7 1 1.24 0 "male" 0 -0.444444444444444 9 0 0 0 0 0 0 4 -4
2 144 "F113.jpg" 1 1 12 2 1.1 0 "female" 0 0 8 0 0 0 0 0 0 -4 NA
2 150 "M113.jpg" 1 1 12 1 1.22 0 "male" 0 0 9.5 0 0 0 0 0 0 0 NA
2 156 "F112.jpg" 1 2 8 1 1.04 0 "female" 0 -0.585365853658537 10.25 0 0 0 0 0 0 2 -6
2 162 "F120.jpg" 1 3 7 1 0.91 0 "female" 0 -0.214285714285714 9.33333333333333 0 0 0 0 -1.32395283235157 -0.752556230467104 NA -2
2 168 "null.jpg" 1 -1 2 3 0.83 1 "n/a" 0 0 0 0 0 0 0 0 0 NA NA
2 174 "F111.jpg" 1 3 5 1 1.23 0 "female" 0 -0.484848484848485 8.25 0 0 0 0 0 0 3 -4
2 180 "M120.jpg" 1 3 6 1 0.77 0 "male" 0 -0.25 8 0 0 0 0 -0.869200974017947 -0.693098158870387 NA -2
2 186 "M111.jpg" 1 3 7 2 1.03 0 "male" 0 -0.5 10 0 0 0 0 0 0 2 -5
2 192 "F112.jpg" 0 3 10 1 0.92 0 "female" 0 0.195121951219512 10.25 0 0 0 0 0 0 -1 2
2 198 "M114.jpg" 0 1 13 1 1.57 0 "male" 0 0 9.75 0 0 0 0 0 0 -2 NA
2 204 "M112.jpg" 0 3 11 1 1.23 0 "male" 0 0.444444444444444 9 0 0 0 0 0 0 -4 4
2 210 "F111.jpg" 0 4 8 1 0.98 0 "female" 0 0.363636363636364 8.25 0 0 0 0 -0.184221263210557 -0.201400781780703 NA 3
2 216 "null.jpg" 0 -1 2 3 0.77 1 "n/a" 0 0 0 0 0 0 0 0 0 NA NA
2 222 "M111.jpg" 0 4 9 2 1.15 0 "male" 0 0.2 10 0 0 0 0 -0.323498744017596 -0.161560282713968 NA 2
2 228 "F114.jpg" 0 1 12 1 2.49 0 "female" 0 0 10.5 0 0 0 0 0 0 0 NA
2 234 "M113.jpg" 0 2 12 1 1.14 0 "male" 0 0 9.5 0 0 0 0 0 0 -3 0
2 240 "F113.jpg" 0 2 8 2 1.52 0 "female" 0 -0.5 8 0 0 0 0 0 0 -1 -4
2 246 "null.jpg" 0 -1 4 3 0.89 1 "n/a" 0 0 0 0 0 0 0 0 0 NA NA
2 252 "F115.jpg" 0 1 10 2 2.05 0 "female" 0 0 9.66666666666667 0 0 0 0 0 0 2 NA
2 258 "M113.jpg" 0 3 9 1 0.81 0 "male" 0 -0.31578947368421 9.5 0 0 0 0 0 0 -4 -3
2 264 "F112.jpg" 0 4 9 1 1.17 0 "female" 0 -0.0975609756097561 10.25 0 0 0 0 -0.416300485232199 -0.159975677733209 NA -1
2 270 "F113.jpg" 0 3 7 2 0.92 0 "female" 0 -0.125 8 0 0 0 0 0 0 -2 -1
2 276 "null.jpg" 0 -1 1 3 0.67 1 "n/a" 0 0 0 0 0 0 0 0 0 NA NA
2 282 "null.jpg" 0 -1 7 3 0.97 1 "n/a" 0 0 0 0 0 0 0 0 0 NA NA
2 288 "F114.jpg" 0 2 12 1 1.11 0 "female" 0 0 10.5 0 0 0 0 0 0 -2 0
2 294 "M112.jpg" 0 4 7 1 0.99 0 "male" 0 -0.444444444444444 9 0 0 0 0 0.222203485982754 0.0999449825608473 NA -4
2 300 "M115.jpg" 0 1 9 2 1.49 0 "male" 0 0 8 0 0 0 0 0 0 1 NA
2 306 "M114.jpg" 0 2 11 1 1.37 0 "male" 0 -0.205128205128205 9.75 0 0 0 0 0 0 -5 -2
2 312 "null.jpg" 0 -1 5 3 0.75 1 "n/a" 0 0 0 0 0 0 0 0 0 NA NA
2 318 "M114.jpg" 0 3 6 1 0.88 0 "male" 0 -0.512820512820513 9.75 0 0 0 0 0 0 3 -5
2 324 "F115.jpg" 0 2 12 2 1.56 0 "female" 0 0.206896551724138 9.66666666666667 0 0 0 0 0 0 -5 2
2 330 "F114.jpg" 0 3 10 1 0.9 0 "female" 0 -0.19047619047619 10.5 0 0 0 0 0 0 -2 -2
2 336 "M115.jpg" 0 2 10 2 1.42 0 "male" 0 0.125 8 0 0 0 0 0 0 -5 1
2 342 "M116.jpg" 0 1 12 2 1.43 0 "male" 0 0 10 0 0 0 0 0 0 -4 NA
2 348 "F116.jpg" 0 1 12 1 1.28 0 "female" 0 0 9 0 0 0 0 0 0 -6 NA
2 354 "null.jpg" 0 -1 5 3 0.74 1 "n/a" 0 0 0 0 0 0 0 0 0 NA NA
2 360 "M113.jpg" 0 4 5 1 0.79 0 "male" 0 -0.421052631578947 9.5 0 0 0 0 -1.23300246068485 -1.53730537394235 NA -4
2 366 "F113.jpg" 0 4 5 2 1.05 0 "female" 0 -0.25 8 0 0 0 0 -1.09752065225018 -0.667631912272306 NA -2
2 372 "M117.jpg" 0 1 9 2 1 0 "male" 0 0 9 0 0 0 0 0 0 NA NA
2 378 "M116.jpg" 0 2 8 2 0.91 0 "male" 0 -0.4 10 0 0 0 0 0 0 NA -4
2 384 "null.jpg" 0 -1 4 3 1.29 1 "n/a" 0 0 0 0 0 0 0 0 0 NA NA
2 390 "M115.jpg" 0 3 5 2 0.84 0 "male" 0 -0.625 8 0 0 0 0 -0.869200974017949 -0.735486780812649 NA -5
2 396 "M114.jpg" 0 4 9 1 1.68 0 "male" 0 0.307692307692308 9.75 0 0 0 0 -0.412597746136446 -0.189366397646441 NA 3
2 402 "F116.jpg" 0 2 6 1 0.89 0 "female" 0 -0.666666666666667 9 0 0 0 0 0 0 NA -6
2 408 "F114.jpg" 0 4 8 1 0.73 0 "female" 0 -0.19047619047619 10.5 0 0 0 0 -0.323498744017597 -0.130293348822414 NA -2
2 414 "F115.jpg" 0 3 7 2 0.84 0 "female" 0 -0.517241379310345 9.66666666666667 0 0 0 0 -0.414449115684321 -0.319199677345329 NA -5
2 420 "null.jpg" 0 -1 5 3 0.87 1 "n/a" 0 0 0 0 0 0 0 0 0 NA NA
2 426 "F117.jpg" 0 1 12 1 1.87 0 "female" 0 0 12 0 0 0 0 0 0 NA NA
3 12 "M129.jpg" 1 1 12 1 1.81 0 "female" 0 0 12 0 0 0 0 0 0 0 NA
3 18 "F130.jpg" 1 1 12 1 1.81 0 "male" 0 0 11.6666666666667 0 0 0 0 0 0 0 NA
3 24 "F129.jpg" 1 1 10 1 1.12 1 "n/a" 0 0 11.5 0 0 0 0 0 0 3 NA
3 30 "F121.jpg" 1 1 12 1 1.54 0 "female" 0 0 10.75 0 0 0 0 0 0 0 NA
3 36 "null.jpg" 1 -1 4 3 0.83 1 "n/a" 0 0 0 0 0 0 0 0 0 NA NA
3 42 "F128.jpg" 1 1 15 2 1.24 0 "male" 0 0 15 0 0 0 0 0 0 NA NA
3 48 "M130.jpg" 1 1 10 2 0.92 0 "male" 0 0 8 0 0 0 0 0 0 -2 NA
3 54 "null.jpg" 1 -1 7 3 1.01 1 "n/a" 0 0 0 0 0 0 0 0 0 NA NA
3 60 "M128.jpg" 1 1 8 1 1.19 0 "female" 0 0 8 0 0 0 0 0 0 NA NA
3 66 "M121.jpg" 1 1 12 2 1.9 0 "female" 0 0 9.5 0 0 0 0 0 0 -4 NA
3 72 "F121.jpg" 1 2 12 1 1.11 0 "female" 0 0 10.75 0 0 0 0 0 0 -1 0
3 78 "M130.jpg" 1 2 8 2 1.13 0 "male" 0 -0.25 8 0 0 0 0 0 0 -2 -2
3 84 "M121.jpg" 1 2 8 2 1.22 0 "female" 0 -0.421052631578947 9.5 0 0 0 0 0 0 1 -4
3 90 "null.jpg" 1 -1 6 3 0.83 1 "n/a" 0 0 0 0 0 0 0 0 0 NA NA
3 96 "M129.jpg" 1 2 12 1 2.09 0 "female" 0 0 12 0 0 0 0 0 0 NA 0
3 102 "F122.jpg" 1 1 12 1 2.17 1 "n/a" 0 0 10.25 0 0 0 0 0 0 -2 NA
3 108 "F129.jpg" 1 2 13 1 0.92 0 "male" 0 0.260869565217391 11.5 0 0 0 0 0 0 NA 3
3 114 "M122.jpg" 1 1 9 1 1.15 0 "male" 0 0 8 0 0 0 0 0 0 0 NA
3 120 "F130.jpg" 1 2 12 2 2.6 0 "female" 0 0 11.6666666666667 0 0 0 0 0 0 -1 0
3 126 "null.jpg" 1 -1 2 3 1.06 1 "n/a" 0 0 0 0 0 0 0 0 0 NA NA
3 132 "F122.jpg" 1 2 10 1 1.12 0 "male" 0 -0.195121951219512 10.25 0 0 0 0 0 0 0 -2
3 138 "null.jpg" 1 -1 5 3 0.64 1 "n/a" 0 0 0 0 0 0 0 0 0 NA NA
3 144 "F130.jpg" 1 3 11 2 1.05 0 "female" 0 -0.0857142857142857 11.6666666666667 0 0 0 0 0.495054600982927 0.379128226522914 NA -1
3 150 "F123.jpg" 1 1 12 1 1.26 0 "male" 0 0 9.75 0 0 0 0 0 0 -2 NA
3 156 "M121.jpg" 1 3 9 2 0.91 0 "female" 0 0.105263157894737 9.5 0 0 0 0 0 0 0 1
3 162 "M130.jpg" 1 3 6 2 0.87 1 "n/a" 0 -0.25 8 0 0 0 0 -0.869200974017947 -0.693098158870387 NA -2
3 168 "F121.jpg" 1 3 11 1 0.84 0 "female" 0 -0.0930232558139535 10.75 0 0 0 0 0 0 -3 -1
3 174 "M122.jpg" 1 2 9 1 1.29 1 "n/a" 0 0 8 0 0 0 0 0 0 0 0
3 180 "null.jpg" 1 -1 7 3 0.75 1 "n/a" 0 0 0 0 0 0 0 0 0 NA NA
3 186 "M123.jpg" 1 1 10 1 1.04 0 "male" 0 0 9.5 0 0 0 0 0 0 0 NA
3 192 "F122.jpg" 0 3 10 1 0.77 0 "female" 0 0 10.25 0 0 0 0 0 0 -1 0
3 198 "F124.jpg" 0 1 9 2 1.45 0 "female" 0 0 7.75 0 0 0 0 0 0 1 NA
3 204 "M123.jpg" 0 2 10 1 0.92 0 "male" 0 0 9.5 0 0 0 0 0 0 0 0
3 210 "M122.jpg" 0 3 9 1 0.98 0 "male" 0 0 8 0 0 0 0 0 0 -4 0
3 216 "null.jpg" 0 -1 6 3 0.85 1 "n/a" 0 0 0 0 0 0 0 0 0 NA NA
3 222 "null.jpg" 0 -1 8 3 1.08 1 "n/a" 0 0 0 0 0 0 0 0 0 NA NA
3 228 "F123.jpg" 0 2 10 1 0.95 0 "male" 0 -0.205128205128205 9.75 0 0 0 0 0 0 -1 -2
3 234 "M124.jpg" 0 1 11 2 0.98 0 "male" 0 0 9.25 0 0 0 0 0 0 0 NA
3 240 "M121.jpg" 0 4 9 2 1.08 0 "female" 0 0 9.5 0 0 0 0 0.222203485982754 0.12663928185166 NA 0
3 246 "F121.jpg" 0 4 8 1 0.83 0 "female" 0 -0.27906976744186 10.75 0 0 0 0 -0.232548372350871 -0.0699928334601317 NA -3
3 252 "M122.jpg" 0 4 5 1 0.99 0 "female" 0 -0.5 8 0 0 0 0 -0.141598000684147 -0.207039459283502 NA -4
3 258 "null.jpg" 0 -1 9 3 0.73 1 "n/a" 0 0 0 0 0 0 0 0 0 NA NA
3 264 "F124.jpg" 0 2 10 2 0.75 0 "male" 0 0.129032258064516 7.75 0 0 0 0 0 0 -3 1
3 270 "M123.jpg" 0 3 10 1 0.79 1 "n/a" 0 0 9.5 0 0 0 0 0 0 -2 0
3 276 "F125.jpg" 0 1 12 1 1.25 0 "female" 0 0 8.66666666666667 0 0 0 0 0 0 -8 NA
3 282 "M125.jpg" 0 1 11 1 1.46 0 "male" 0 0 11 0 0 0 0 0 0 -1 NA
3 288 "M124.jpg" 0 2 11 2 1.1 1 "n/a" 0 0 9.25 0 0 0 0 0 0 -5 0
3 294 "F122.jpg" 0 4 9 1 0.94 0 "female" 0 -0.0975609756097561 10.25 0 0 0 0 0.0403970823176551 0.064565154150236 NA -1
3 300 "null.jpg" 0 -1 7 3 0.73 1 "n/a" 0 0 0 0 0 0 0 0 0 NA NA
3 306 "F123.jpg" 0 3 9 1 1.36 0 "male" 0 -0.102564102564103 9.75 0 0 0 0 0 0 -1 -1
3 312 "null.jpg" 0 -1 7 3 0.76 1 "n/a" 0 0 0 0 0 0 0 0 0 NA NA
3 318 "M125.jpg" 0 2 10 1 1.51 0 "female" 0 -0.0909090909090909 11 0 0 0 0 0 0 2 -1
3 324 "null.jpg" 0 -1 5 3 1.57 1 "n/a" 0 0 0 0 0 0 0 0 0 NA NA
3 330 "F126.jpg" 0 1 10 2 1.03 1 "n/a" 0 0 10 0 0 0 0 0 0 0 NA
3 336 "M124.jpg" 0 3 6 2 0.81 0 "male" 0 -0.540540540540541 9.25 0 0 0 0 0 0 3 -5
3 342 "M126.jpg" 0 1 12 2 0.9 0 "female" 0 0 9 0 0 0 0 0 0 -6 NA
3 348 "F124.jpg" 0 3 7 2 0.72 0 "female" 0 -0.387096774193548 7.75 0 0 0 0 0 0 -2 -3
3 354 "M123.jpg" 0 4 8 1 1.34 0 "male" 0 -0.210526315789474 9.5 0 0 0 0 0.404104229316204 0.253437203483022 NA -2
3 360 "F123.jpg" 0 4 8 1 0.89 0 "male" 0 -0.102564102564103 9.75 0 0 0 0 -0.232548372350872 -0.130293348822414 NA -1
3 366 "F125.jpg" 0 2 4 1 1.1 0 "female" 0 -0.923076923076923 8.66666666666667 0 0 0 0 0 0 6 -8
3 372 "M127.jpg" 0 1 10 2 2.04 0 "female" 0 0 10 0 0 0 0 0 0 NA NA
3 378 "F126.jpg" 0 2 10 2 0.83 1 "n/a" 0 0 10 0 0 0 0 0 0 NA 0
3 384 "M125.jpg" 0 3 12 1 0.82 1 "n/a" 0 0.181818181818182 11 0 0 0 0 1.40455831765018 1.12873839325662 NA 2
3 390 "M124.jpg" 0 4 9 2 0.72 0 "female" 0 0.324324324324324 9.25 0 0 0 0 0.0451860621940159 0.0141851276006141 NA 3
3 396 "F125.jpg" 0 3 10 1 0.79 0 "male" 0 0.692307692307692 8.66666666666667 0 0 0 0 0.040302742649303 -0.0211033093735372 NA 6
3 402 "F127.jpg" 0 1 13 1 1.45 0 "female" 0 0 13 0 0 0 0 0 0 NA NA
3 408 "null.jpg" 0 -1 6 3 0.7 1 "n/a" 0 0 0 0 0 0 0 0 0 NA NA
3 414 "M126.jpg" 0 2 6 2 1.35 0 "male" 0 -0.666666666666667 9 0 0 0 0 0 0 NA -6
3 420 "null.jpg" 0 -1 4 3 1.17 1 "n/a" 0 0 0 0 0 0 0 0 0 NA NA
3 426 "F124.jpg" 0 4 5 2 0.72 0 "male" 0 -0.258064516129032 7.75 0 0 0 0 -0.41254802172819 -0.386691775242403 NA -2
4 12 "F131.jpg" 1 1 11 2 1.55 0 "female" 0 0 10.25 0 0 0 0 0 0 1 NA
4 18 "M138.jpg" 1 1 12 2 1.39 0 "male" 0 0 12 0 0 0 0 0 0 NA NA
4 24 "null.jpg" 1 -1 7 3 0.66 1 "n/a" 0 0 0 0 0 0 0 0 0 NA NA
4 30 "M131.jpg" 1 1 7 2 0.97 1 "n/a" 0 0 9 0 0 0 0 0 0 2 NA
4 36 "M139.jpg" 1 1 11 1 0.86 1 "n/a" 0 0 10 0 0 0 0 0 0 -2 NA
4 42 "M140.jpg" 1 1 12 1 1.99 0 "female" 0 0 10.3333333333333 0 0 0 0 0 0 -3 NA
4 48 "F139.jpg" 1 1 10 1 1.07 0 "female" 0 0 10 0 0 0 0 0 0 0 NA
4 54 "F138.jpg" 1 1 13 2 1.29 0 "male" 0 0 13 0 0 0 0 0 0 NA NA
4 60 "F140.jpg" 1 1 10 2 1.15 0 "female" 0 0 8 0 0 0 0 0 0 -4 NA
4 66 "null.jpg" 1 -1 4 3 0.79 1 "n/a" 0 0 0 0 0 0 0 0 0 NA NA
4 72 "M131.jpg" 1 2 9 2 1.26 0 "male" 0 0.222222222222222 9 0 0 0 0 0 0 1 2
4 78 "F140.jpg" 1 2 6 2 0.96 0 "female" 0 -0.5 8 0 0 0 0 0 0 2 -4
4 84 "M139.jpg" 1 2 9 1 1.38 0 "male" 0 -0.2 10 0 0 0 0 0 0 NA -2
4 90 "M140.jpg" 1 2 9 1 1.85 0 "male" 0 -0.290322580645161 10.3333333333333 0 0 0 0 0 0 1 -3
4 96 "F139.jpg" 1 2 10 1 1 0 "male" 0 0 10 0 0 0 0 0 0 NA 0
4 102 "null.jpg" 1 -1 5 3 0.66 1 "n/a" 0 0 0 0 0 0 0 0 0 NA NA
4 108 "F131.jpg" 1 2 12 2 1.11 1 "n/a" 0 0.0975609756097561 10.25 0 0 0 0 0 0 -3 1
4 114 "F132.jpg" 1 1 12 1 1.13 0 "female" 0 0 9.25 0 0 0 0 0 0 -6 NA
4 120 "null.jpg" 1 -1 4 3 0.68 1 "n/a" 0 0 0 0 0 0 0 0 0 NA NA
4 126 "M132.jpg" 1 1 10 1 1.88 0 "female" 0 0 9.75 0 0 0 0 0 0 1 NA
4 132 "F140.jpg" 1 3 8 2 0.84 1 "n/a" 0 0.25 8 0 0 0 0 0.040302742649304 -0.101670619157728 NA 2
4 138 "F132.jpg" 1 2 6 1 0.6 0 "female" 0 -0.648648648648649 9.25 0 0 0 0 0 0 4 -6
4 144 "M133.jpg" 1 1 14 1 0.91 1 "n/a" 0 0 9 0 0 0 0 0 0 -7 NA
4 150 "M131.jpg" 1 3 10 2 1.02 0 "male" 0 0.111111111111111 9 0 0 0 0 0 0 0 1
4 156 "null.jpg" 1 -1 7 3 0.72 1 "n/a" 0 0 0 0 0 0 0 0 0 NA NA
4 162 "null.jpg" 1 -1 5 3 1.15 1 "n/a" 0 0 0 0 0 0 0 0 0 NA NA
4 168 "F131.jpg" 1 3 9 2 1.27 0 "female" 0 -0.292682926829268 10.25 0 0 0 0 0 0 0 -3
4 174 "M132.jpg" 1 2 11 1 2.36 0 "male" 0 0.102564102564103 9.75 0 0 0 0 0 0 0 1
4 180 "F133.jpg" 1 1 11 1 2.4 0 "female" 0 0 10.5 0 0 0 0 0 0 -1 NA
4 186 "M140.jpg" 1 3 10 1 0.99 0 "male" 0 0.0967741935483871 10.3333333333333 0 0 0 0 0.0403027426493036 0.0421647003972295 NA 1
4 192 "F134.jpg" 0 1 12 1 2.15 0 "female" 0 0 10 0 0 0 0 0 0 -2 NA
4 198 "M133.jpg" 0 2 7 1 0.9 0 "male" 0 -0.777777777777778 9 0 0 0 0 0 0 3 -7
4 204 "null.jpg" 0 -1 5 3 0.73 1 "n/a" 0 0 0 0 0 0 0 0 0 NA NA
4 210 "M131.jpg" 0 4 10 2 1.16 1 "n/a" 0 0 9 0 0 0 0 1.8593101759838 2.01269419712948 NA 0
4 216 "F132.jpg" 0 3 10 1 1.27 0 "male" 0 0.432432432432432 9.25 0 0 0 0 0 0 -1 4
4 222 "null.jpg" 0 -1 7 3 0.98 1 "n/a" 0 0 0 0 0 0 0 0 0 NA NA
4 228 "F131.jpg" 0 4 9 2 1.52 0 "female" 0 0 10.25 0 0 0 0 0.131253114316029 0.106084671397734 NA 0
4 234 "M134.jpg" 0 1 12 2 1.03 0 "male" 0 0 11 0 0 0 0 0 0 0 NA
4 240 "M132.jpg" 0 3 11 1 1.13 0 "male" 0 0 9.75 0 0 0 0 0 0 -4 0
4 246 "F133.jpg" 0 2 10 1 1.71 0 "female" 0 -0.0952380952380952 10.5 0 0 0 0 0 0 2 -1
4 252 "M134.jpg" 0 2 12 2 2.28 0 "male" 0 0 11 0 0 0 0 0 0 -2 0
4 258 "null.jpg" 0 -1 3 3 0.71 1 "n/a" 0 0 0 0 0 0 0 0 0 NA NA
4 264 "F133.jpg" 0 3 12 1 0.99 0 "male" 0 0.19047619047619 10.5 0 0 0 0 0 0 -3 2
4 270 "F134.jpg" 0 2 10 1 1.88 0 "male" 0 -0.2 10 0 0 0 0 0 0 1 -2
4 276 "M133.jpg" 0 3 10 1 1.58 1 "n/a" 0 0.333333333333333 9 0 0 0 0 0 0 -5 3
4 282 "null.jpg" 0 -1 6 3 0.93 1 "n/a" 0 0 0 0 0 0 0 0 0 NA NA
4 288 "M135.jpg" 0 1 14 2 1.14 0 "female" 0 0 8.33333333333333 0 0 0 0 0 0 -10 NA
4 294 "F135.jpg" 0 1 10 2 1.25 1 "n/a" 0 0 8.66666666666667 0 0 0 0 0 0 -2 NA
4 300 "M132.jpg" 0 4 7 1 0.94 0 "female" 0 -0.41025641025641 9.75 0 0 0 0 0.131253114316028 0.080758454945575 NA -4
4 306 "F132.jpg" 0 4 9 1 0.76 0 "female" 0 -0.108108108108108 9.25 0 0 0 0 0.0407744409910591 0.0647310005949454 NA -1
4 312 "null.jpg" 0 -1 4 3 0.89 1 "n/a" 0 0 0 0 0 0 0 0 0 NA NA
4 318 "F134.jpg" 0 3 11 1 1.45 0 "female" 0 0.1 10 0 0 0 0 0 0 -4 1
4 324 "null.jpg" 0 -1 8 3 0.78 1 "n/a" 0 0 0 0 0 0 0 0 0 NA NA
4 330 "M136.jpg" 0 1 13 2 2.18 1 "n/a" 0 0 11.5 0 0 0 0 0 0 -3 NA
4 336 "M134.jpg" 0 3 10 2 1.19 0 "male" 0 -0.181818181818182 11 0 0 0 0 0 0 0 -2
4 342 "M135.jpg" 0 2 4 2 0.97 0 "male" 0 -1.2 8.33333333333333 0 0 0 0 0 0 3 -10
4 348 "F133.jpg" 0 4 9 1 1.34 1 "n/a" 0 -0.285714285714286 10.5 0 0 0 0 0.492640700095599 0.344918904591713 NA -3
4 354 "M133.jpg" 0 4 5 1 0.88 0 "female" 0 -0.555555555555556 9 0 0 0 0 -1.23300246068485 -1.53730537394235 NA -5
4 360 "F136.jpg" 0 1 9 2 1.38 0 "male" 0 0 10 0 0 0 0 0 0 2 NA
4 366 "F135.jpg" 0 2 8 2 1.21 0 "male" 0 -0.230769230769231 8.66666666666667 0 0 0 0 0 0 0 -2
4 372 "null.jpg" 0 -1 4 3 0.9 1 "n/a" 0 0 0 0 0 0 0 0 0 NA NA
4 378 "null.jpg" 0 -1 6 3 0.9 1 "n/a" 0 0 0 0 0 0 0 0 0 NA NA
4 384 "F134.jpg" 0 4 7 1 1.3 1 "n/a" 0 -0.4 10 0 0 0 0 -0.416863016571652 -0.225753852993763 NA -4
4 390 "F136.jpg" 0 2 11 2 1 0 "male" 0 0.2 10 0 0 0 0 0 0 NA 2
4 396 "F135.jpg" 0 3 8 2 0.86 0 "female" 0 0 8.66666666666667 0 0 0 0 0.0403027426493036 -0.0689447035069543 NA 0
4 402 "F137.jpg" 0 1 9 2 1.95 0 "male" 0 0 9 0 0 0 0 0 0 NA NA
4 408 "M135.jpg" 0 3 7 2 1.38 0 "female" 0 0.36 8.33333333333333 0 0 0 0 -2.23345654901883 -2.56911419236363 NA 3
4 414 "M136.jpg" 0 2 10 2 1.4 0 "male" 0 -0.260869565217391 11.5 0 0 0 0 0 0 NA -3
4 420 "M137.jpg" 0 1 10 1 1.56 0 "female" 0 0 10 0 0 0 0 0 0 NA NA
4 426 "M134.jpg" 0 4 10 2 0.94 1 "n/a" 0 0 11 0 0 0 0 0.222203485982753 0.19440173389757 NA 0
5 12 "M148.jpg" 1 1 7 1 1.26 0 "male" 0 0 7 0 0 0 0 0 0 NA NA
5 18 "F141.jpg" 1 1 10 2 0.97 0 "female" 0 0 8.25 0 0 0 0 0 0 -1 NA
5 24 "F148.jpg" 1 1 13 2 1.44 0 "female" 0 0 13 0 0 0 0 0 0 NA NA
5 30 "M149.jpg" 1 1 11 1 0.75 1 "n/a" 0 0 9 0 0 0 0 0 0 -4 NA
5 36 "F150.jpg" 1 1 14 1 0.77 0 "female" 0 0 10 0 0 0 0 0 0 -5 NA
5 42 "null.jpg" 1 -1 7 3 0.68 1 "n/a" 0 0 0 0 0 0 0 0 0 NA NA
5 48 "M141.jpg" 1 1 8 2 1.2 0 "male" 0 0 7.75 0 0 0 0 0 0 -1 NA
5 54 "null.jpg" 1 -1 7 3 1.05 1 "n/a" 0 0 0 0 0 0 0 0 0 NA NA
5 60 "F149.jpg" 1 1 12 2 0.97 0 "female" 0 0 10 0 0 0 0 0 0 -4 NA
5 66 "M150.jpg" 1 1 9 1 0.74 1 "n/a" 0 0 6.33333333333333 0 0 0 0 0 0 -4 NA
5 72 "F142.jpg" 1 1 12 1 1.3 1 "n/a" 0 0 9.25 0 0 0 0 0 0 -2 NA
5 78 "null.jpg" 1 -1 1 3 0.61 1 "n/a" 0 0 0 0 0 0 0 0 0 NA NA
5 84 "F150.jpg" 1 2 9 1 1.19 0 "male" 0 -0.5 10 0 0 0 0 0 0 -2 -5
5 90 "F149.jpg" 1 2 8 2 0.99 0 "female" 0 -0.4 10 0 0 0 0 0 0 NA -4
5 96 "M141.jpg" 1 2 7 2 1.18 1 "n/a" 0 -0.129032258064516 7.75 0 0 0 0 0 0 2 -1
5 102 "M150.jpg" 1 2 5 1 1.06 0 "female" 0 -0.631578947368421 6.33333333333333 0 0 0 0 0 0 0 -4
5 108 "F141.jpg" 1 2 9 2 0.83 0 "female" 0 -0.121212121212121 8.25 0 0 0 0 0 0 -4 -1
5 114 "null.jpg" 1 -1 6 3 1.04 1 "n/a" 0 0 0 0 0 0 0 0 0 NA NA
5 120 "M149.jpg" 1 2 7 1 1.07 0 "male" 0 -0.444444444444444 9 0 0 0 0 0 0 NA -4
5 126 "M142.jpg" 1 1 11 2 1.89 0 "male" 0 0 9.25 0 0 0 0 0 0 1 NA
5 132 "null.jpg" 1 -1 6 3 0.66 1 "n/a" 0 0 0 0 0 0 0 0 0 NA NA
5 138 "M141.jpg" 1 3 9 2 1.51 1 "n/a" 0 0.258064516129032 7.75 0 0 0 0 0 0 -2 2
5 144 "M142.jpg" 1 2 12 2 1.01 0 "female" 0 0.108108108108108 9.25 0 0 0 0 0 0 -6 1
5 150 "null.jpg" 1 -1 11 3 0.68 1 "n/a" 0 0 0 0 0 0 0 0 0 NA NA
5 156 "F141.jpg" 1 3 5 2 1.18 0 "female" 0 -0.484848484848485 8.25 0 0 0 0 0 0 4 -4
5 162 "F142.jpg" 1 2 10 1 1.02 0 "male" 0 -0.216216216216216 9.25 0 0 0 0 0 0 -5 -2
5 168 "F150.jpg" 1 3 7 1 1.7 0 "male" 0 -0.2 10 0 0 0 0 -2.23345654901883 -2.56911419236363 NA -2
5 174 "M143.jpg" 1 1 13 2 2.22 0 "male" 0 0 6.25 0 0 0 0 0 0 -7 NA
5 180 "F143.jpg" 1 1 11 1 1.26 1 "n/a" 0 0 7.5 0 0 0 0 0 0 -2 NA
5 186 "M150.jpg" 1 3 5 1 0.85 0 "female" 0 0 6.33333333333333 0 0 0 0 -0.869200974017949 -0.883859170954112 NA 0
5 192 "M142.jpg" 0 3 6 2 1.25 0 "female" 0 -0.648648648648649 9.25 0 0 0 0 0 0 2 -6
5 198 "M141.jpg" 0 4 7 2 1.18 1 "n/a" 0 -0.258064516129032 7.75 0 0 0 0 0.85885608764983 0.60838796436555 NA -2
5 204 "F144.jpg" 0 1 13 1 2.2 0 "female" 0 0 11 0 0 0 0 0 0 -2 NA
5 210 "F142.jpg" 0 3 5 1 0.85 0 "female" 0 -0.540540540540541 9.25 0 0 0 0 0 0 5 -5
5 216 "M144.jpg" 0 1 10 2 1.95 0 "male" 0 0 8 0 0 0 0 0 0 -2 NA
5 222 "null.jpg" 0 -1 5 3 0.68 1 "n/a" 0 0 0 0 0 0 0 0 0 NA NA
5 228 "F141.jpg" 0 4 9 2 0.75 0 "female" 0 0.484848484848485 8.25 0 0 0 0 0.496905970530803 0.293528711867124 NA 4
5 234 "null.jpg" 0 -1 3 3 0.67 1 "n/a" 0 0 0 0 0 0 0 0 0 NA NA
5 240 "F143.jpg" 0 2 9 1 0.92 1 "n/a" 0 -0.266666666666667 7.5 0 0 0 0 0 0 -3 -2
5 246 "M143.jpg" 0 2 6 2 1.06 0 "male" 0 -1.12 6.25 0 0 0 0 0 0 -3 -7
5 252 "F142.jpg" 0 4 10 1 1.25 0 "male" 0 0.540540540540541 9.25 0 0 0 0 0.0441017158858099 0.0133463799038863 NA 5
5 258 "F143.jpg" 0 3 6 1 1.56 0 "female" 0 -0.4 7.5 0 0 0 0 0 0 -2 -3
5 264 "null.jpg" 0 -1 7 3 0.83 1 "n/a" 0 0 0 0 0 0 0 0 0 NA NA
5 270 "null.jpg" 0 -1 6 3 0.94 1 "n/a" 0 0 0 0 0 0 0 0 0 NA NA
5 276 "F144.jpg" 0 2 11 2 1.65 0 "female" 0 -0.181818181818182 11 0 0 0 0 0 0 0 -2
5 282 "M144.jpg" 0 2 8 2 1.21 1 "n/a" 0 -0.25 8 0 0 0 0 0 0 0 -2
5 288 "F145.jpg" 0 1 14 2 1.78 0 "female" 0 0 12.6666666666667 0 0 0 0 0 0 -2 NA
5 294 "M143.jpg" 0 3 3 2 0.88 1 "n/a" 0 -0.48 6.25 0 0 0 0 0 0 0 -3
5 300 "M142.jpg" 0 4 8 2 0.86 0 "male" 0 0.216216216216216 9.25 0 0 0 0 -0.414449115684322 -0.260171381910408 NA 2
5 306 "M145.jpg" 0 1 10 1 1.85 0 "female" 0 0 7 0 0 0 0 0 0 -5 NA
5 312 "M144.jpg" 0 3 8 2 0.85 0 "male" 0 0 8 0 0 0 0 0 0 -2 0
5 318 "null.jpg" 0 -1 6 3 0.68 1 "n/a" 0 0 0 0 0 0 0 0 0 NA NA
5 324 "null.jpg" 0 -1 8 3 0.99 1 "n/a" 0 0 0 0 0 0 0 0 0 NA NA
5 330 "M146.jpg" 0 1 12 2 1.12 0 "female" 0 0 10.5 0 0 0 0 0 0 -3 NA
5 336 "M145.jpg" 0 2 5 1 1.39 0 "female" 0 -0.714285714285714 7 0 0 0 0 0 0 1 -5
5 342 "F143.jpg" 0 4 4 1 0.77 0 "male" 0 -0.266666666666667 7.5 0 0 0 0 -1.23300246068485 -0.786898960545049 NA -2
5 348 "M143.jpg" 0 4 3 2 0.73 0 "male" 0 0 6.25 0 0 0 0 -2.05155580568537 -1.20738531287974 NA 0
5 354 "F144.jpg" 0 3 11 2 1.6 0 "male" 0 0 11 0 0 0 0 0 0 -2 0
5 360 "F145.jpg" 0 2 12 2 2.3 1 "n/a" 0 -0.157894736842105 12.6666666666667 0 0 0 0 0 0 0 -2
5 366 "F146.jpg" 0 1 11 2 1.27 0 "female" 0 0 8 0 0 0 0 0 0 -6 NA
5 372 "F147.jpg" 0 1 10 1 0.92 0 "male" 0 0 10 0 0 0 0 0 0 NA NA
5 378 "F145.jpg" 0 3 12 2 1.57 1 "n/a" 0 0 12.6666666666667 0 0 0 0 0.0403027426493047 -0.224094150497076 NA 0
5 384 "F144.jpg" 0 4 9 2 1.19 0 "male" 0 -0.181818181818182 11 0 0 0 0 -0.141598000684146 -0.00969231809784872 NA -2
5 390 "M145.jpg" 0 3 6 1 0.87 0 "female" 0 0.142857142857143 7 0 0 0 0 -0.869200974017949 -0.77355177250551 NA 1
5 396 "null.jpg" 0 -1 5 3 0.69 1 "n/a" 0 0 0 0 0 0 0 0 0 NA NA
5 402 "F146.jpg" 0 2 5 2 0.95 0 "female" 0 -0.75 8 0 0 0 0 0 0 NA -6
5 408 "M146.jpg" 0 2 9 2 0.76 0 "male" 0 -0.285714285714286 10.5 0 0 0 0 0 0 NA -3
5 414 "null.jpg" 0 -1 6 3 1.02 1 "n/a" 0 0 0 0 0 0 0 0 0 NA NA
5 420 "M144.jpg" 0 4 6 2 0.88 0 "female" 0 -0.25 8 0 0 0 0 -0.141598000684146 -0.207039459283501 NA -2
5 426 "M147.jpg" 0 1 11 1 1.34 1 "n/a" 0 0 11 0 0 0 0 0 0 NA NA
6 12 "null.jpg" 1 -1 3 3 1.08 1 "n/a" 0 0 0 0 0 0 0 0 0 NA NA
6 18 "M158.jpg" 1 1 10 2 0.94 0 "female" 0 0 10 0 0 0 0 0 0 NA NA
6 24 "M159.jpg" 1 1 8 1 1.08 0 "female" 0 0 7 0 0 0 0 0 0 -2 NA
6 30 "null.jpg" 1 -1 7 3 1.2 1 "n/a" 0 0 0 0 0 0 0 0 0 NA NA
6 36 "F151.jpg" 1 1 14 2 1.81 0 "male" 0 0 10.5 0 0 0 0 0 0 -6 NA
6 42 "M160.jpg" 1 1 11 1 1.05 0 "male" 0 0 8.33333333333333 0 0 0 0 0 0 -4 NA
6 48 "F159.jpg" 1 1 11 1 1.08 0 "male" 0 0 12 0 0 0 0 0 0 2 NA
6 54 "M151.jpg" 1 1 11 1 0.99 1 "n/a" 0 0 7 0 0 0 0 0 0 -5 NA
6 60 "F158.jpg" 1 1 12 2 0.83 0 "male" 0 0 12 0 0 0 0 0 0 NA NA
6 66 "F160.jpg" 1 1 10 2 1.04 0 "female" 0 0 8 0 0 0 0 0 0 -4 NA
6 72 "F159.jpg" 1 2 13 1 1.32 0 "female" 0 0.166666666666667 12 0 0 0 0 0 0 NA 2
6 78 "F151.jpg" 1 2 8 2 1.24 0 "male" 0 -0.571428571428571 10.5 0 0 0 0 0 0 2 -6
6 84 "null.jpg" 1 -1 6 3 0.68 1 "n/a" 0 0 0 0 0 0 0 0 0 NA NA
6 90 "M160.jpg" 1 2 7 1 1.17 0 "male" 0 -0.48 8.33333333333333 0 0 0 0 0 0 0 -4
6 96 "M159.jpg" 1 2 6 1 1.05 1 "n/a" 0 -0.285714285714286 7 0 0 0 0 0 0 NA -2
6 102 "F152.jpg" 1 1 11 1 0.91 0 "male" 0 0 8.25 0 0 0 0 0 0 -1 NA
6 108 "M152.jpg" 1 1 8 1 2.04 1 "n/a" 0 0 9.75 0 0 0 0 0 0 2 NA
6 114 "M151.jpg" 1 2 6 1 0.83 0 "male" 0 -0.714285714285714 7 0 0 0 0 0 0 -1 -5
6 120 "null.jpg" 1 -1 4 3 0.65 1 "n/a" 0 0 0 0 0 0 0 0 0 NA NA
6 126 "F160.jpg" 1 2 6 2 0.92 0 "female" 0 -0.5 8 0 0 0 0 0 0 2 -4
6 132 "F152.jpg" 1 2 10 1 0.88 0 "male" 0 -0.121212121212121 8.25 0 0 0 0 0 0 -6 -1
6 138 "null.jpg" 1 -1 4 3 0.76 1 "n/a" 0 0 0 0 0 0 0 0 0 NA NA
6 144 "F151.jpg" 1 3 10 2 0.83 1 "n/a" 0 0.19047619047619 10.5 0 0 0 0 0 0 0 2
6 150 "F160.jpg" 1 3 8 2 1.26 0 "female" 0 0.25 8 0 0 0 0 0.040302742649304 -0.101670619157728 NA 2
6 156 "M152.jpg" 1 2 10 1 2.12 0 "male" 0 0.205128205128205 9.75 0 0 0 0 0 0 0 2
6 162 "null.jpg" 1 -1 7 3 0.71 1 "n/a" 0 0 0 0 0 0 0 0 0 NA NA
6 168 "M160.jpg" 1 3 7 1 1.01 0 "female" 0 0 8.33333333333333 0 0 0 0 -0.869200974017947 -0.629584465455086 NA 0
6 174 "M151.jpg" 1 3 5 1 1.2 0 "male" 0 -0.142857142857143 7 0 0 0 0 0 0 1 -1
6 180 "M153.jpg" 1 1 6 1 1.15 0 "female" 0 0 8.25 0 0 0 0 0 0 5 NA
6 186 "F153.jpg" 1 1 7 1 1.27 0 "male" 0 0 8.5 0 0 0 0 0 0 2 NA
6 192 "F152.jpg" 0 3 4 1 0.86 1 "n/a" 0 -0.727272727272727 8.25 0 0 0 0 0 0 4 -6
6 198 "F153.jpg" 0 2 9 1 1.76 0 "male" 0 0.235294117647059 8.5 0 0 0 0 0 0 0 2
6 204 "F151.jpg" 0 4 10 2 1.43 0 "male" 0 0 10.5 0 0 0 0 0.0365005547370405 0.0628557482098349 NA 0
6 210 "M152.jpg" 0 3 10 1 0.86 0 "female" 0 0 9.75 0 0 0 0 0 0 1 0
6 216 "M154.jpg" 0 1 9 2 1.44 0 "female" 0 0 8 0 0 0 0 0 0 -2 NA
6 222 "null.jpg" 0 -1 7 3 0.76 1 "n/a" 0 0 0 0 0 0 0 0 0 NA NA
6 228 "F154.jpg" 0 1 7 2 1.47 0 "male" 0 0 7.75 0 0 0 0 0 0 -1 NA
6 234 "M151.jpg" 0 4 6 1 1.06 1 "n/a" 0 0.142857142857143 7 0 0 0 0 -0.505399487351047 -0.51402390112785 NA 1
6 240 "null.jpg" 0 -1 9 3 0.68 1 "n/a" 0 0 0 0 0 0 0 0 0 NA NA
6 246 "M153.jpg" 0 2 11 1 1.83 0 "male" 0 0.606060606060606 8.25 0 0 0 0 0 0 -2 5
6 252 "F153.jpg" 0 3 9 1 1.24 0 "female" 0 0 8.5 0 0 0 0 0 0 0 0
6 258 "F154.jpg" 0 2 6 2 0.83 0 "male" 0 -0.129032258064516 7.75 0 0 0 0 0 0 2 -1
6 264 "M155.jpg" 0 1 5 1 1.24 1 "n/a" 0 0 7.66666666666667 0 0 0 0 0 0 6 NA
6 270 "M154.jpg" 0 2 7 2 0.93 1 "n/a" 0 -0.25 8 0 0 0 0 0 0 2 -2
6 276 "null.jpg" 0 -1 7 3 0.75 1 "n/a" 0 0 0 0 0 0 0 0 0 NA NA
6 282 "null.jpg" 0 -1 9 3 0.86 1 "n/a" 0 0 0 0 0 0 0 0 0 NA NA
6 288 "F152.jpg" 0 4 8 1 0.8 0 "female" 0 0.484848484848485 8.25 0 0 0 0 0.0398310443075488 0.010042992487301 NA 4
6 294 "M153.jpg" 0 3 9 1 0.97 0 "female" 0 -0.242424242424242 8.25 0 0 0 0 0 0 -2 -2
6 300 "F155.jpg" 0 1 4 1 1.08 0 "female" 0 0 7 0 0 0 0 0 0 3 NA
6 306 "M152.jpg" 0 4 11 1 1.92 0 "male" 0 0.102564102564103 9.75 0 0 0 0 1.85921583631546 1.91970974034946 NA 1
6 312 "M155.jpg" 0 2 11 1 1.21 0 "male" 0 0.782608695652174 7.66666666666667 0 0 0 0 0 0 -4 6
6 318 "null.jpg" 0 -1 5 3 1.17 1 "n/a" 0 0 0 0 0 0 0 0 0 NA NA
6 324 "F154.jpg" 0 3 8 2 0.78 0 "female" 0 0.258064516129032 7.75 0 0 0 0 0 0 2 2
6 330 "null.jpg" 0 -1 7 3 0.75 1 "n/a" 0 0 0 0 0 0 0 0 0 NA NA
6 336 "F153.jpg" 0 4 9 1 1.13 1 "n/a" 0 0 8.5 0 0 0 0 1.4955086893169 1.43752005059694 NA 0
6 342 "M154.jpg" 0 3 9 2 1.16 0 "male" 0 0.25 8 0 0 0 0 0 0 -2 2
6 348 "F155.jpg" 0 2 7 1 1.13 0 "female" 0 0.428571428571429 7 0 0 0 0 0 0 3 3
6 354 "M153.jpg" 0 4 7 1 1.24 1 "n/a" 0 -0.242424242424242 8.25 0 0 0 0 1.04075683098328 0.819439768133539 NA -2
6 360 "F156.jpg" 0 1 10 1 1.63 0 "female" 0 0 9 0 0 0 0 0 0 -2 NA
6 366 "M156.jpg" 0 1 11 2 1.91 0 "male" 0 0 12.5 0 0 0 0 0 0 3 NA
6 372 "F155.jpg" 0 3 10 1 0.78 0 "male" 0 0.428571428571429 7 0 0 0 0 3.67831760931831 3.52793791648941 NA 3
6 378 "null.jpg" 0 -1 7 3 0.7 1 "n/a" 0 0 0 0 0 0 0 0 0 NA NA
6 384 "M154.jpg" 0 4 7 2 0.87 0 "female" 0 -0.25 8 0 0 0 0 0.586004972649654 0.338710659550896 NA -2
6 390 "F156.jpg" 0 2 8 1 1.09 1 "n/a" 0 -0.222222222222222 9 0 0 0 0 0 0 NA -2
6 396 "F154.jpg" 0 4 10 2 1.72 0 "female" 0 0.258064516129032 7.75 0 0 0 0 1.95026054765053 2.57116973940785 NA 2
6 402 "M157.jpg" 0 1 10 1 1.37 0 "male" 0 0 10 0 0 0 0 0 0 NA NA
6 408 "M156.jpg" 0 2 14 2 1.32 1 "n/a" 0 0.24 12.5 0 0 0 0 0 0 NA 3
6 414 "M155.jpg" 0 3 7 1 0.89 0 "female" 0 -0.521739130434783 7.66666666666667 0 0 0 0 1.85931017598381 2.37516542222699 NA -4
6 420 "null.jpg" 0 -1 5 3 0.77 1 "n/a" 0 0 0 0 0 0 0 0 0 NA NA
6 426 "F157.jpg" 0 1 9 2 0.79 0 "male" 0 0 9 0 0 0 0 0 0 NA NA
