"PC1" "PC2" "PC3" "PC4" "PC5" "PC6" "PC7" "PC8" "glmeanLin" "glmeanQuad" "glsdLin" "glsdQuad"
0.324376459365839 0.22627873991219 -0.732112486017734 -0.129468150152468 -2.30278826551236 -0.0379454335137548 0.0246563783531323 0.368001517787003 0.0228277450376278 -0.00752914389860656 0.0110983997462629 -0.0419189780470904
0.734879266562741 -0.00359589708042658 -0.111527783272906 -2.1159836433701 -0.666171246584909 -0.372934824749553 1.270053820601 0.173014315343461 0.0469443960007051 0.0228219144428777 0.0212754768237252 -0.0510346222122201
0.810315008358857 -0.227174546766343 0.280186880599641 -0.0222102154295876 -0.135530434972492 -1.0381554286424 1.41157042425338 0.305588000641565 0.070603317206223 0.0629850382157643 0.010403384653631 -0.0412187465556497
0.643541960396792 -0.596141075681756 -1.43566049428968 1.34241385214439 -0.974563358513289 -0.0854118006943689 0.551703660932213 -1.36999304426319 0.0461209910029505 0.0216093800592159 0.00301057887551072 -0.0331555936336951
0.095593619734396 -0.430266420882342 0.0704371542601139 1.30100993421192 1.9897410726027 -1.2258326579543 1.03200387054761 -1.10042688465471 0.00808556876816874 -0.0208174587740419 -0.0128948727612916 -0.0119971994459822
-0.0260794003528152 -0.904557367076362 -2.51076692990532 2.21503789689775 -0.497628222167224 -0.26366640707471 0.646165822835335 0.181629690322483 -0.0243380521187805 -0.0359886797020429 -0.00716077578139154 -0.0202248054470109
-0.761820894850961 0.138657887547399 -2.0677755749621 -0.389892122430332 0.608137363601962 -1.14852201367351 0.980703129063369 0.471131748386686 -0.0527343878069648 -0.0334030326093199 -0.0109962422290484 -0.0147963466690774
-0.815757518582178 0.905922816555263 -0.541652463870995 -0.353330277704522 0.981335550263868 -0.588060622686072 -0.0243020028892413 0.0643009043894536 -0.0499287265105998 -0.0343183661138191 -0.00846248388121254 -0.0184163729849914
-0.341200725302933 0.299361823348923 -2.63761688507302 -0.116363830763333 -1.31836010270784 -0.595618420888114 -0.043140730563393 1.24996170652571 -0.0403745769121021 -0.0363500856751906 -0.000977972039864968 -0.0283385630376932
-0.665425032770298 0.916157073828588 -0.520082354909491 -2.2868284000717 -0.084297008555554 -0.454626912783896 0.980219821011861 0.793246922331101 -0.0140648975670636 -0.0332731363986652 -0.0293747980078939 0.0154137241094215
-0.18187380866523 0.596118630802499 0.710465858766106 -0.939629358910622 0.0928737191139801 0.0150852386091694 0.585687855168075 0.247538037092836 0.0186047879388853 -0.0117438960345284 -0.041239648706085 0.0386068011657395
0.571183946358411 -0.649842063024035 -1.35839001825453 0.0785676111770535 -1.01413183186578 0.0620516222386183 0.0549781777475383 0.338808999187362 0.0227679996750004 -0.00759105914115551 -0.0439039223582696 0.0442129137672338
0.0584444443830879 -0.252185686461429 0.597417963216768 -1.00948004859939 0.809984356012882 -0.274914839734778 0.393257321921008 -0.768263811275196 0.0115689045313733 -0.0180380803331526 -0.0615871228907905 0.0851216073247637
0.0874199250100851 -0.58793447202544 1.1295608024614 1.1080808692328 0.329946858433642 -0.179385999245807 -0.344898399646017 -0.293672695662341 0.0104590413266725 -0.018947857825953 -0.0462613259913512 0.0492950523899856
0.00841458846788741 -1.02056695817359 -0.611206872346102 0.274945580988752 -0.586036900498037 0.290171050110477 -1.03795653564196 -0.493958185006399 -0.0012302820418005 -0.0271548176951918 -0.0401972491227271 0.0364531376054945
-0.157068119099729 -0.882432914544772 1.13189384520127 -1.21449344302786 0.543621414394885 0.469058365576224 -0.0309757912144236 -0.444925627059427 0.00758345553915141 -0.0211997070832186 -0.0563433687119814 0.0723198155933867
0.275797826385954 -0.502661857577346 1.60746895452177 0.715353686898541 0.38269622220679 -0.35740168905311 -0.577449983059701 0.568757547227358 0.0155038025941578 -0.0146301282571549 -0.0499604703980705 0.057500132401018
0.185767433437366 -0.839917399779624 0.21329211013282 0.195451729483608 -1.19383771969425 0.937076737271919 -0.799429337194324 -0.588397840273234 0.0124294482444441 -0.0173170916059827 -0.0386589947340382 0.0333158285810571
0.127754806315841 -1.60001971704723 1.66137230650744 -0.441704259534976 1.18697955777696 0.0993461194230143 -0.4363502199426 0.207850746104024 0.0252599430615881 -0.00495290902984169 -0.0222414705749251 0.00286330227370297
-0.0700190517425674 -0.635153140602567 1.84102719109486 1.55499720275754 -0.596095512477278 0.273562137740065 -0.717039214227469 0.680526749220847 0.00289861032319326 -0.0245428532904486 -0.00908344712614364 -0.0175414059310554
-0.27427610374633 -1.28033840905754 0.671609407922508 -0.659899820654995 0.133876678053217 1.11830501676818 -0.733866031026359 -0.710838361100228 0.00545043851585597 -0.0227718709577539 -0.0251689058878466 0.00788723673939139
0.168621251972743 -1.24539486424959 1.48522291214184 -0.158361723627429 0.440737420327044 -0.0575231715265312 -0.0645687422428205 0.916335978939262 0.0173981544473238 -0.0128879737082863 -0.0511319079802835 0.0601571732657234
-0.179802111506241 0.197322645964348 2.075532288269 0.636920408021187 -0.132271389338398 -0.163036339955907 -1.05234849066787 -0.256946359775867 0.000700569704376739 -0.0259723532651272 -0.0381162263447686 0.0322204538386336
-0.0624687807904653 -1.33798971922448 0.3530796403865 -1.22407953007334 -0.128011534075858 1.41693282415582 -1.3312993571192 -0.351021308992798 0.00730731362628698 -0.0214079530444784 -0.0374154698334751 0.0308152002578816
0.127808765204366 -1.0408091698364 1.24007028531985 -0.541163130044001 0.0129172472049392 -0.0832539275685131 -0.287914077677714 1.01068227095549 0.0154021011938409 -0.014721793022362 -0.0526543716166919 0.0636525831973649
-0.156423383171148 -0.448694485970039 2.02594426296764 -0.0766981884602204 0.345442149973452 -0.00219374404381587 -0.754741815125786 -0.0963992650655306 0.0111116565148332 -0.0184156383443581 -0.0446682231945215 0.0458480878824355
0.0797995916041694 -0.496809057957398 1.22548818092245 0.687589970832127 -0.898026854905396 2.10098069268711 -0.771945688534538 -0.539560056658173 0.0127076861702178 -0.0170810637113178 -0.0162251269495464 -0.00690834246439825
0.471548557544675 -0.584857131913118 -0.359829922216271 -0.154119136110798 -0.0509426580972887 -0.256334544342725 -0.489754598804421 0.504803172777901 0.012995078189415 -0.0168357764681424 -0.0357488128708409 0.0275135647042115
0.101883945831554 -0.059408437207906 0.884021983304634 -1.33700824666278 0.556108334595883 0.32835288171496 -0.318441890890523 -0.375398270819017 0.00840558948637016 -0.0205714156848427 -0.0658992443693757 0.0960727040799769
0.230203397393673 -0.0120902291106077 1.13428909199443 0.901628127834087 0.164972129548277 0.095839365053815 -0.613720586950008 0.113725318324981 0.00988641121912722 -0.0194083999031997 -0.0469249676267456 0.0507463615700439
0.0926117453648738 -0.465093730844515 0.0717051543287145 -0.526167494193514 -0.833342040509907 0.733924284395576 -0.56587002422885 -0.912453763076668 0.0174174219707389 -0.0128699153313613 -0.0487784311708823 0.0548476523732425
0.624523014841668 -0.0073536054589926 1.31688548529017 -0.76154136098929 0.435635200280128 0.209849489826973 0.866338289567307 -0.439215824078894 0.0473688630582748 0.0234518465376892 -0.0370205571447157 0.030027716436269
0.723729649291844 0.826850264617864 0.851175942736826 2.00353621021213 -0.430093222706453 -0.615342115670167 0.452584168684765 -0.658115070186509 0.041942027024482 0.0156476212240434 0.00850164344986922 -0.0392519489034499
0.242407528215138 -0.0729649814738687 -0.154025228070214 -0.856807648264444 1.86289878704818 0.192960009029494 -0.851124781930965 -2.58741753382767 0.0149681741908874 -0.0151107608722112 -0.00629805314309243 -0.0214041635312828
-0.0757166278352747 0.441205783512244 0.573371801870897 0.496674254242454 1.60856641810618 -0.440443038911626 -1.50837523519207 -1.21670634892846 -0.0143704991469784 -0.0333819122603893 -0.019173161515407 -0.00221321215302132
-0.534598671633732 0.96825739135549 -0.732496909661742 0.645734996519309 -1.5736793993334 0.311543676909371 -1.67620484808969 -1.42543480097992 -0.0292573549907361 -0.0366021589602743 -0.0131968186330686 -0.0115452084020634
-0.0992721820429898 0.631582795924127 -0.512237772139524 -2.25810689690035 0.719631044675887 0.952759991432422 -0.292885745745803 -0.550835207390697 -0.000480344062440495 -0.0267036906376811 -0.0348280091251656 0.0257139596600066
0.219666039487824 1.95405229891391 -0.399380272538031 -0.878416050001667 -0.275077234100773 -1.21315095220888 0.664956991298505 0.4708478711576 0.00815082558339406 -0.0207674398503906 -0.0163969627352917 -0.00663957721006509
0.211161982882742 2.90190644475301 0.0224705388846642 -0.825422817694359 0.391198180336876 -0.114400104931676 -0.666855063614375 -1.66528303309313 -0.00535090458392494 -0.0294491387048961 0.0159218214519345 -0.046504881193795
0.779417109919349 1.04676502032581 -2.7784511847992 -0.183336503651994 -0.093195045025853 0.456083010404629 -0.39362376597464 -0.776309944318929 0.00161956093631721 -0.025385488302262 0.000834669260788303 -0.030568275278041
0.129673776736448 1.82003822742111 -1.88934327002357 0.0699403459594735 0.866970304417618 -1.25803507354329 0.479786118016843 -0.751448897337176 -0.0260970620122881 -0.0362591328488676 -0.00124915625394635 -0.0279991708567781
-0.224823424449655 1.24520264845708 -0.459249503120741 -0.198042598708238 2.11845818800939 0.459177702004712 -0.523854537800323 -0.605423395879673 -0.0252528802687796 -0.0361364349293276 -0.0378604234628029 0.0317063121691821
-0.112020607590742 1.36057987108849 -0.9338820256942 1.90799932223947 -0.434331573333908 0.0386444947807176 -0.00266957622397405 0.414851309163657 -0.0350985968868033 -0.0367529473882983 -0.0227139840790495 0.00366228040673331
-0.620476081185921 0.838880270224061 -0.918674692229945 -0.82720106884285 0.846326573553936 0.702007460456538 0.600255358436238 -1.08428941502806 -0.0363250302883845 -0.0367049440595201 -0.0303646394365761 0.0172379425132148
-0.440152058488683 0.053481374368185 0.490125942853657 0.0159239984378744 0.826472798036578 0.49697944928081 0.901186765972816 0.893271486838008 -0.0151451439731551 -0.0336499488031737 -0.0548423833173372 0.0687595049616933
-0.476402915138615 1.2126415581916 1.15145732916916 1.64725261850058 -0.216338632789391 -0.536763348369186 1.04212797273871 0.956150172735933 -0.0259723131085357 -0.0362418259992923 -0.0315043826364344 0.0193633805107041
-0.769075889928569 -0.347005340617724 -0.470702869830838 0.098594228495766 -0.214204054686032 1.99695291747532 0.723385988291105 -0.158378670687916 -0.0185154632742242 -0.0346877312447183 -0.0253259309380974 0.00816169678499508
-0.285094101675858 -0.570339832378372 0.438075088767449 -0.0667672537364031 0.309143964626867 0.268817683406423 1.56588498701105 1.54509816136217 -0.00545642934940221 -0.0295037952308332 -0.0581854347779436 0.0767524898277999
-0.465237389665459 0.407563040209984 1.69006179947816 0.828518729295339 0.44367727353807 -0.596958356110508 0.0196990569818981 0.227679853880024 -0.0173437240077515 -0.0343506075369794 -0.0409549533185604 0.0380163841849372
-0.151263759044711 -0.591139428192922 -0.166059439849827 0.692595374288847 -0.819070310893859 1.81683972257569 -0.326421935030134 -0.574471110386741 -0.00701144393231717 -0.030285483435391 -0.0279801414137471 0.0128776535924522
0.204914930629934 0.044983507047988 -0.0111066640562655 0.264740270701413 0.0495604461267174 -0.452686396405888 1.37519916004252 0.406324675778873 0.00499432184009893 -0.0230972033949253 -0.0534495161073149 0.0654970985094332
0.00341428517085903 1.1211980326706 0.764106490001569 0.3670403315899 0.792337159488783 -0.146894220178737 0.867533627184633 -0.795300165554604 -0.00115802396621849 -0.027111800706026 -0.0444808354505076 0.0454460717558722
0.549730925270514 0.903057813090276 -1.95212561090796 1.76021269761954 -1.08865963236932 0.933677337396234 1.08944330101305 0.545902345636035 -0.00560362036467561 -0.0295796909191691 -0.0122220357855105 -0.0129976429781444
0.248658679961553 1.52370859708071 -2.07185733739829 -0.755316649466355 0.489148871607168 -0.392197780593901 0.557500661118971 -0.147747670866556 -0.0190206234792786 -0.0348252867623808 -0.0169580660142322 -0.00575773660037129
-0.0243084708641508 1.10312995359057 -0.749316625934955 -0.41749632962954 1.88086850706799 -0.0421220630071566 0.18674677140514 0.132790623150248 -0.0127344828085028 -0.032779584687344 -0.0305657096366638 0.0176109652625155
0.094297104682434 1.73652563472755 -0.480401226320223 1.60120495427768 0.0896954419916362 -0.50964931587545 0.0599410701387791 0.397749489467378 -0.0309415692090487 -0.0367099812695997 -0.0206067472855133 0.000134554870021526
-0.284148262186884 0.338327246024738 -1.47248750291786 -0.660352516941187 0.647109590618761 0.79439315483206 -0.219257505015994 -0.416633185482015 -0.0315092534139717 -0.036734575291327 -0.0407245029015097 0.0375396842103157
-0.294599490826493 0.185178791585428 -0.228321183138557 0.332673650394377 0.646897616395395 -0.724692106074671 0.673551281540185 1.73701503154128 -0.0204248248489137 -0.0351830111456085 -0.0664080819264031 0.097390177852176
-0.582310637763116 0.583123503663311 1.15557134600706 0.733082240167446 0.869341620469011 -0.550136967854629 -0.58739984023407 -0.316410218934506 -0.0317508337696153 -0.0367432446256898 -0.042949106149587 0.0421870234234141
-0.358467483651278 -1.03575148965611 -0.771897287909158 0.445707785466892 -0.45969766296946 1.39880293089599 -0.652644633143822 0.197875702812265 -0.0322939584481822 -0.0367588182591018 -0.0309534108985471 0.0183325708261216
-0.511844620824159 -0.26238866617761 -0.0761849209209176 0.673280701882373 0.313769956640498 -0.966509349512667 0.495240417866648 1.56325803560525 -0.0386508890653144 -0.036537975970484 -0.0467446347578633 0.0503510977233048
-0.621180787086672 0.55987738570469 1.38326254112895 0.34254682272058 0.673928695103072 0.115607593777289 -0.0447674114587758 0.162451037265325 -0.0432778357278203 -0.0359101592285791 -0.0448099015426051 0.0461525198493565
-0.0365009813363223 -0.101521256927103 -0.29545842395573 1.01824782420476 -1.49437970752858 1.26567058208984 0.110600672774391 1.30383755264253 -0.0210700321264892 -0.0353352271197299 -0.0420219318008682 0.0402377262761017
0.0143193102081124 0.33762789075684 -0.807069315644666 0.0227473767581387 -0.925813066600919 -0.105923984815437 0.394441400984186 0.773887840950991 -0.0129902708001974 -0.0328770020851482 -0.0527969044072512 0.0639822633068691
0.0555167835977913 -0.0815666055718273 0.357243280447995 -1.126642989204 0.57985850803081 1.01326837349653 0.183574928092227 0.299407192249689 0.00134040687154984 -0.025565396759205 -0.0657519814909113 0.0956924070475495
0.346136563825231 -0.154148880006602 0.32644152547183 1.19684389445971 0.678698942408804 -0.98756160149903 -0.296905461153284 1.27155736894771 -0.00312778645937173 -0.0282500977198121 -0.0486539115472682 0.0545699050494963
-0.0752578137557595 0.691504857774632 1.21188756291791 1.33123015165161 -0.277639031229006 -0.221791598134068 -1.60813232837192 -0.33776619994842 -0.0300776188277651 -0.0366611846858607 -0.036323883681678 0.0286463205941867
-0.369116310938583 -1.0547306261441 -0.823660325645308 0.034653556427105 0.0908802402436436 0.977472173864296 -1.74796032202833 0.294321913287533 -0.0387917096557671 -0.0365246743980161 -0.0267918864166175 0.0107484690533097
-0.747441728667042 -0.142371064844262 -0.209212994309384 -0.160914615751514 -0.297699163552334 -0.846958014013007 -1.62020995976311 1.43767227533445 -0.0579042377281521 -0.0313374519561009 -0.0378758885792935 0.0317373574940086
-1.11443821368936 0.401568341395916 0.759325986042862 -1.32193915228533 0.154190163268209 0.683892310808554 -0.982413539553734 0.76524906269683 -0.0589463493729912 -0.0308615880419486 -0.0412542219033798 0.0386370687141633
-0.654890082689379 0.338050551299392 0.269438405592812 -0.0518782237163374 0.305053974149633 -0.111822602297099 0.0748733784676281 1.60912684539569 -0.0432790450450606 -0.0359099437018419 -0.0431665492811419 0.0426467366456693
-0.771883310613154 0.927891091953669 0.673981670093954 0.462219523259482 -1.45587917298304 0.650522332948045 -0.693010243874341 0.408311944233816 -0.0527923937194669 -0.0333825818389296 -0.0289088970400103 0.0145620710775049
-0.753142903570211 -0.647537771125374 0.108279314589524 -1.82978432903352 0.040694705684042 1.11020209006739 -0.815903783866041 0.50453419158029 -0.0336245992389948 -0.0367740586382885 -0.0280928671668203 0.0130811502645269
-0.341063112835887 -0.737084102757293 0.675651833960764 -0.290680819295361 -0.35905442464414 -0.121518784230114 0.33911833191839 1.44761381265957 -0.00776175561273837 -0.0306467597885098 -0.0443023870017544 0.0450639050581745
-0.248581825508155 -0.0342222212345981 1.25435045884527 0.357316726748754 -0.0443819642171802 -0.395313917936861 -0.321803396229884 -0.0297050263457194 -0.011297044670878 -0.0322097646503082 -0.0457710162511512 0.048228618728247
0.0433259281777813 0.203932290807055 1.50567468336533 0.69450228206149 -0.839723857486113 1.18021690800863 -0.744596908469673 -0.496418486616068 -0.0051840514628033 -0.02936229949366 -0.02019799618733 -0.0005391598622577
0.605584275970261 -0.630523257173317 -0.579578760339194 0.82222832288979 -1.76438360920698 0.43142254603733 0.319370130451338 0.589554879001795 0.013994247890054 -0.015971177294432 -0.0263998134040552 0.0100523014095654
0.699223977648166 0.12606412850938 0.101539286776868 -1.28612337609307 -0.590012044744194 0.125213946854394 0.325780634407005 0.340212423701701 0.0288461809587946 -0.000955928826728457 -0.0322034859948588 0.0206803157205345
0.907397306692056 0.382772817498061 0.171586668621722 -0.913676648646295 0.294748523706472 0.004088033887031 0.482186894845318 1.1697321394883 0.04630503985757 0.0218793262970201 -0.0172111899816189 -0.00535780273817864
0.856531610340366 2.00708298957949 -0.0968366442155929 0.867667207043148 -0.472994397280586 -1.8350547371921 -0.0613100929246804 0.769821668202241 0.0110748965920705 -0.0184458247862214 0.0254997344577244 -0.0541927157444156
0.610982419534404 0.83985974744316 -2.49264116743449 -1.00576589516953 0.0535146693287159 0.783339241303109 -0.55886910601872 0.135160350433929 0.0020623218340009 -0.0250972013634281 0.00441977481108459 -0.0347792795586291
0.52826268504564 0.92854951425818 -1.89358757326104 -0.326264913054979 0.603846945703483 -1.48356795181913 -0.0282874262547658 1.6357745504077 -0.00422207111818636 -0.0288516538744422 -0.0110784657527153 -0.0146766605289086
-0.229190444435521 1.74839132080914 -0.228750353319107 -0.197615383185239 1.28709742505344 -1.1902072718135 -0.907747914318366 -0.150475438215127 -0.0308141983963287 -0.0367036495032656 -0.0131991053206851 -0.0115417782427583
-0.0795047525440346 0.632715492894937 -2.07149920893509 0.859527385813156 -1.21683495381904 1.04017997637028 -0.58934027904954 0.740114522035666 -0.0388366328046584 -0.0365203543791943 -0.00256137280541081 -0.0263355405355545
-0.213206555394695 0.742695953961795 -1.71921353653059 -0.904264355412861 -0.413679981052784 -0.693290028936309 -0.301717916550555 1.5124159586492 -0.0443927414939953 -0.0357000472164371 -0.00481182266670909 -0.0233999683943546
-0.289592353421682 1.12204544175408 0.0471314789469336 -1.97279168694012 -0.0718236790722857 0.185545356096849 -0.109450925582399 0.773088479868117 -0.0220675939188044 -0.0355555088890518 -0.00783414136106463 -0.0192936654196847
0.265785643058937 0.296398676223424 0.122859502254063 -0.279217849673918 -0.378247674059037 -0.71848279296645 0.194809348617434 1.44294036840664 0.0184450645507621 -0.0118968756296893 -0.0291764894305352 0.0150506762657645
0.325434166483173 0.418883757922612 0.358253709652264 1.01027100055407 -1.89229983861139 0.337343926504323 -0.740746168501303 -0.08910984868187 0.0157228412789914 -0.0144320602359381 -0.0395646576642344 0.0351570597052566
0.517916302859963 -1.37192791499781 0.307022386221962 -1.03685118109513 -0.335114333581014 0.454534529185116 -0.19295967142039 0.00474882505103324 0.0355548984552957 0.0071559040608187 -0.0348481714589417 0.0257531778867599
0.555167878001379 -1.24524879408267 1.31632157474669 0.0619707671062066 -0.224470013207616 -0.595307628081032 -0.139856474800396 0.983347249089719 0.0421586484882647 0.01594876752002 -0.0408108613952649 0.0377181937718646
0.284827209463938 -0.70973641756887 2.3954287343938 0.701374384738376 0.144852326442022 0.0193095346490417 0.0581778169854276 -0.562944119438421 0.038733914247304 0.0112886903647616 -0.0135419758402977 -0.0110262363096668
0.846397751423349 -2.06169670137436 0.211078263512269 2.0931672001087 -1.69378939127229 0.769201694933627 0.128752369091879 0.0241580787657569 0.0600866471578662 0.0438618195436247 0.0149452930449998 -0.0456150702954178
0.215660997484259 -1.66092263005654 0.780344414546331 0.227093669141578 0.38459561998314 -0.558767466739924 -0.343539778691123 -0.468746928199017 0.0390652683919036 0.011730147703093 -0.00313491604532447 -0.0255972793195353
-0.441342338379987 -1.16189841156493 1.38631008680692 1.39586339023035 0.170382817640313 0.144935521101347 -1.07902273094578 -0.880729401600355 -0.010152905000635 -0.0317290664496762 0.00820515355678562 -0.0389386141925551
-0.675030420833039 -1.74045659199285 -0.497486885620527 0.349023190285374 0.0989001824511691 0.124343202632808 -0.00648068322052824 0.62859403502403 -0.0256263308499755 -0.0361923298790123 -0.0188897928399972 -0.00267227860681128
-1.01433554580056 -0.242227233911302 0.375210230049571 -1.20358746643818 -0.26258122248148 -0.195683219622722 0.204057422353381 0.297568860240459 -0.0332090491768952 -0.036772793983139 -0.0431651440760479 0.0426437626718672
-0.38814570789718 -0.29632596668074 0.626085601672541 -0.85736805056732 -0.0930807211637297 0.206191166085698 0.39453164455015 1.00348780332469 0.00228050426833166 -0.0249538148411662 -0.0450597262166037 0.0466903374926742
-0.060686893295437 0.257679677168488 0.502006691360419 0.58344768351386 0.432159780550497 -0.82786523692001 0.445951849305451 0.671984326778852 0.00685023356237859 -0.0217495691837407 -0.0615892394263364 0.0851268886867725
-0.0315360678613722 0.201627348867906 -0.751915974659664 0.690757948415594 -1.55645499875477 1.12572655473604 -0.496834927843979 -1.14908504057754 0.00143171864262084 -0.0255067060322167 -0.0463295856018436 0.0494439105137609
0.466208714229467 -0.524593135702385 -0.9756427089396 -0.498301257519515 0.599938153673209 -0.112009804868294 -0.13796797034752 0.181056018320255 0.00915796718076581 -0.0199855461802511 -0.0622063096799089 0.0866705846880697
-0.0461347510846767 0.214633114591976 -0.231702998835506 -0.378293776026945 0.239931330152177 -0.977630906546387 0.0364169857855164 0.0987270626638463 -0.00304472227993615 -0.0282035364405465 -0.0730867183063873 0.115176020860967
-0.151127415299151 0.353415202207925 1.04281259452968 -0.0951244528416544 0.716266903853257 0.266294735270451 -0.235845828745122 -0.909398903937447 0.00370066296177836 -0.0239991224683123 -0.0495070869405587 0.0564793488353303
0.266187549209238 -0.582839853541302 -1.14748138821343 1.19121250943005 -1.75830807107396 0.154547091719109 -0.186876288105429 0.549341631180814 0.00450454492238581 -0.0234422868147648 -0.0431240536224689 0.0425568168584597
-0.42024276218644 -0.638023620006073 -0.714249856095758 -1.57315997980707 0.462756706032575 0.146215729235118 -0.434614304898739 -0.358244096790303 -0.0136298194976702 -0.0331153130094343 -0.0546328980693259 0.0682662944081864
-0.609339281773256 -0.427588725749812 0.00350514327349982 0.0373577133796474 1.36993018484947 -0.859309542835094 -0.525986100552131 0.0345939740509644 -0.0265408144151702 -0.0363183776569429 -0.0411467175412468 0.0384138921369172
-0.846007827295422 1.01538908092081 0.467182687110494 1.48461344146558 -0.518132505026358 -1.86796346627082 -0.0276603377525789 0.270264242062835 -0.0426727932869636 -0.0360146198755176 0.00149454639362808 -0.0313632057110588
-0.995722963718927 0.362913457328619 -0.410783177331547 -0.987791383726696 -1.04836238786375 -0.0703616113789295 -0.902449956534422 -0.883705043304818 -0.040346492899109 -0.0363535846109857 0.00220143427440441 -0.0322048330278899
-0.411152631541686 -0.391236261972766 0.192990596534565 -1.07139503523706 0.0430955555862127 0.280787294192592 0.850114841570942 0.829048437050366 -0.00253457700775185 -0.0279147953982082 -0.0391300544503475 0.0342713972919714
-0.444836734191613 0.329487638694878 0.397551652962635 -0.231057310269922 -0.454649210410145 -0.789556340679147 0.660026191187265 0.549923076744325 -0.00912643376738659 -0.031277328462215 -0.066827459939435 0.0984800275006328
0.0322494227207965 0.871341197040636 1.21738266256662 0.0453495844600357 -0.281269794556473 0.468669674768917 0.551956682781186 -1.19330454885039 0.00828486444141911 -0.0206644544315779 -0.0275453170838232 0.0120951410835352
0.937787403558443 -0.702398878355376 -1.29536989832769 0.635447525987618 -1.60220766710832 0.667431937823717 0.420256691098501 0.263195489553136 0.0286374729699457 -0.00119501925242459 -0.0300383084133589 0.0166343074041867
0.584437557521058 0.0653234760339751 -0.334296430406148 -0.362104749718186 -0.629547915417353 -0.804762016411591 0.485605138164604 -0.55169398981895 0.0157223562620734 -0.0144324997917649 -0.0493280119326853 0.0560773297942754
0.392532876468621 -0.582193511601043 1.18957815384468 -0.604241256395073 0.542594223350902 0.542487366918683 0.418743568714383 -0.70377238727596 0.0366435526767314 0.00855026256630735 -0.0344787456813003 0.0250359260039969
0.506734314541605 -0.52502150713846 1.47490178709439 1.49092960042408 -0.20986345140087 -1.31943569114479 0.411199459404654 0.566600947644365 0.0408818747487934 0.0141862416983836 -0.0198854897366132 -0.00105192368574898
0.0585906144775606 -1.03174941245696 -0.125849797126551 0.749808562160817 -1.17682004999028 0.980475531033133 0.219481774692498 -1.22309186775086 0.0278448543421892 -0.0020957282917836 -0.0288007858039632 0.014365085129778
0.345502565832095 -1.1949954748498 -0.286208406657591 -0.0822037816619643 0.670075122812141 -0.0835864933674143 1.41444799441357 0.487953432554809 0.0378460272394666 0.0101157231097424 -0.0499067943185405 0.0573790611805159
-0.139223412640144 -0.356920708542961 0.272671994750037 0.405709926171289 0.801969214949891 -1.35498513161913 0.448658550821557 0.261828025802905 -0.000449565771163015 -0.0266849550418855 -0.0577263757586211 0.0756412997989158
-0.454152747085708 -0.2997347413612 0.679109493849487 0.521127448146997 0.755913249346849 0.258338709212558 0.474463962931315 -0.0602916662671696 -0.00922583432800438 -0.0313219203979809 -0.0586786812337248 0.0779512636762276
-0.237863790313587 0.332364076786985 0.294137228389649 1.39076255660267 -1.11736792025494 -1.1493697679134 -0.281792558966754 0.704500164994938 -0.0160086456347732 -0.0339357306291903 -0.0311070484478392 0.0186193826320366
-0.261063092334587 -0.320516106838573 -0.414065836214229 -0.845269165632876 -1.11222669543705 0.762359874835861 -0.407702791999213 -0.632741959342866 -0.00151214791948315 -0.02732170195715 -0.0419406003219831 0.0400675779431202
0.694785007389436 -0.116907510826077 -0.548032351422229 -0.477927038241395 -0.977346263427688 -0.772896175016363 1.75186118875146 0.294957048424236 0.0445540140317476 0.0193362966414404 -0.0341691863190532 0.0244370680937403
0.735175749715054 0.448639505252142 -0.285287912709029 -1.16085594772591 -0.465585926562207 -0.718494939991956 1.35803698577415 -0.996487730914906 0.0529408462481152 0.0320280433167338 -0.0230541918998358 0.00424038474132733
1.11231799464088 0.17287859393799 -0.53760353998339 -0.179949832960001 1.25948575751369 -0.69677353773432 0.467608186820612 -0.378097842517627 0.0585968038629506 0.0413171271147545 -0.00368820665102091 -0.0248786758200593
0.765822972176931 1.80556857577924 -0.733039620395801 1.24743617482258 -0.273920680194288 -1.87854770647667 0.209772298301752 -0.836116356906526 0.0184179287981446 -0.0119228190639994 0.0235869353622634 -0.0528081561908453
0.430487527098535 0.0496125614627458 -2.54642464169689 -0.651182148878003 0.0167212562032247 0.712023710549059 -0.444091278585477 -1.26888372502488 0.00854934423734557 -0.0204602792928066 -0.00121238894104646 -0.0280452744765877
0.375476253712588 -0.179659943232923 -1.76530733134439 -0.338257965950573 0.330311338744759 -1.69054051944335 0.00903977955215446 1.01913828428708 0.00728154231209441 -0.0214273163699173 -0.0225050136691011 0.00330836377390827
-0.155054905929312 0.520820673291128 -0.6382999462192 -1.06761523670851 0.510708998371887 -0.985993996450392 0.589246916706181 0.142168691442908 -0.00562972535317631 -0.0295931097842742 -0.0502907784776525 0.0582464762277335
0.0137842164548908 0.57780457870631 -0.612323642204147 0.202921359029743 1.27556048166986 -1.19207896673344 0.407868976268167 -0.0159086850913515 -0.000790438341888287 -0.0268914821347505 -0.0231850571875897 0.00446339390549692
-0.63333131512656 0.817492188978247 -1.26296437758142 0.346608616624412 -1.52081497060158 0.391512095517956 0.147405522875014 -0.80137924031838 -0.0216367959861858 -0.0354626239582772 -0.0239577709003511 0.00578736489114547
-0.191602130439128 -0.439389524163793 -1.12852573180538 -1.42942224931684 0.579201370290121 -0.0107527717210276 1.14648059291161 0.425030988164919 -0.00269058589975283 -0.0280036038269664 -0.0458741112447429 0.0484524419254446
-0.463449860002539 0.313225803752481 0.0185771986921458 -0.780225267438104 -0.243125118320449 -0.621763819667889 1.81127527963519 0.642711721487581 -0.00179504685070879 -0.0274877294899329 -0.050216357224717 0.0580781227098352
-0.135747533862816 0.430146608996579 1.09163945502969 -0.751405490495825 0.258640765253797 0.554595125036532 1.96021261200275 -1.19035146119391 0.0332376339198181 0.00426046473369543 -0.00966861970759388 -0.0167096116548121
1.04534209359158 -0.924812067458944 -1.03078194490244 0.994191136204027 -1.27698021775296 1.05489201157948 2.18857013026242 -0.81623961545444 0.0653870756851247 0.0532458703741966 -0.00939498253066455 -0.0170994501865475
0.818553160764664 -0.828022170282459 -0.792411689944744 0.102682347793406 1.0970134059513 -0.319269474983778 1.98415795648917 -1.68391208780082 0.0570688280506504 0.0387496818551302 -0.038304322294948 0.0325993690478253
-0.0449207979908748 -0.813240388181911 -0.432611101100523 2.02793250169287 0.85957786624549 0.0779656971349359 0.0678800274921537 -2.79143571632688 0.00539435222969639 -0.02281208158764 -0.00316638393467416 -0.0255565782728103
-0.437238719649018 -1.88676843993819 -0.323203813360817 0.920328015073075 1.42311434451926 -0.798215273906063 1.37649885281434 -0.208032461701275 -0.0105253029472426 -0.0318881668010214 -0.0320231277945882 0.0203396040393738
-0.702372004299156 -0.967369195606949 0.606310875422453 1.38701015183268 1.5567330206205 -0.990966426738581 0.318334371627351 -0.123500200488269 -0.0298725638041252 -0.0366475884304931 -0.0120169976620033 -0.0133006638574716
-1.05304755231235 -0.932136055414364 -0.336708539652262 0.506043403096375 -0.775917247647581 1.76650115815883 1.12868285195793 -1.11023897389257 -0.0150803342647674 -0.0336279466537326 -0.0165294179772876 -0.00643199188304007
-0.0711629708383487 -0.878773457342102 0.0302121514888648 -0.599762990531417 -0.248333947967835 -0.450782971167156 2.22342676527843 0.59601909061922 0.0194102321205224 -0.0109653145329319 -0.0485640253882195 0.0543696076041455
-0.107774083809583 -0.243189137731468 0.929485493365121 -0.329523662754006 1.06697171127204 0.105972508958899 1.18339392574364 -1.01444427482853 0.0222942701803438 -0.00807967128971419 -0.0447839080841096 0.04609663536966
0.18589167632784 -0.449787664240274 0.0132981599676077 1.16051358384865 -0.954389124033756 0.629772559687318 1.31818630782564 -0.101816614156955 0.0241258163624265 -0.00616772963702845 -0.029940305232628 0.0164534523754203
0.0736217726901398 -1.59851672496159 -1.39137839117314 0.540172758333009 0.749868875899924 -0.103330592503358 0.55695463813021 -0.674342805197725 0.0144582308144964 -0.0155634454970033 -0.00809069247153499 -0.0189364493760217
-0.645238475611471 -0.778468283469482 0.754540261790392 0.376126745113879 2.22673101423218 -1.13812587872213 0.358223573872169 -2.11124924558802 -0.0120581329923093 -0.0325162013053211 -0.00833265738254927 -0.0185983024146684
-1.21758714746658 -1.58061371071871 0.0012055104303296 0.963812631998099 -0.462895069952591 1.7685384516932 0.0484000959858197 -1.53532757745612 -0.0246935976646984 -0.036047931903961 0.00367228097951495 -0.0339230980150939
-0.572474060087247 -1.94749184361682 0.273021943653076 -0.17472451762751 0.858735361676564 0.0489487212210799 0.727745158627852 -0.488807264477665 -0.0154560844802358 -0.0337544357497593 -0.0146900918726519 -0.00928231959193016
-1.29167530009103 -0.80382128503875 0.534131819018558 0.389427813695746 -0.824070725605678 0.918135119931997 -0.309746699316754 -1.6735495306204 -0.041707910580678 -0.0361672853673155 0.00791149760334613 -0.0386264923205125
-0.965014201672265 -0.917740039346227 1.06037260181303 -1.32650713366502 0.704355032545868 1.06539595917743 0.804024005594525 -1.07142947895352 -0.0303963561695135 -0.0366807843289321 0.00580343016756693 -0.0363337989148522
-0.659318783373485 -0.605353015094997 1.39151186869433 -0.38564070561033 0.150732227829703 0.220882911061711 0.449486170986889 -0.408047951647512 -0.00257214829610466 -0.0279362238385892 -0.0206099074361095 0.000139776902505367
-0.312458154650649 -0.0720626334678184 0.568023616182014 -0.435992766564337 -2.17728398476662 1.02291367110553 0.293774203195451 -1.44426210466586 0.019259789818856 -0.0111116450010455 -0.00628408362986665 -0.0214231341785831
0.803939795455099 -0.632718965191461 0.612278971271038 -1.94424640336533 0.49733735792762 1.26449106381103 1.75761812662193 -2.16319032534363 0.0784267354233142 0.0785295873065742 0.0225343748995304 -0.0520141746419304
1.03217114938615 -0.997534389852481 0.949463571788626 0.514414798417639 1.21527843319266 -0.623351905121351 0.820469781051076 -1.0963704646226 0.0838765066812116 0.0900226749254694 0.0254879572163287 -0.0541844211443488
0.742381062477121 -0.855973612503614 -0.637285722293317 0.604101577052532 -0.710514501391051 0.438466972576985 -1.19364773711941 -3.42642529207659 0.0330891176988693 0.00407825822378478 0.0181139764041922 -0.0484309378804554
0.304206459449058 -1.04297903378092 0.0166139085302656 -1.39819244347565 1.26116272014072 0.562159153406527 -0.972903402316771 -2.59614735168561 0.0259560273654119 -0.00419558939486575 -0.0344439854681836 0.0249685824233366
0.173717831450455 0.136629598392648 0.108593893093504 -0.0207800721225868 0.574215739445406 -1.59385279941781 -0.26419279676907 -0.600792094651646 0.0156924829193531 -0.0144595647431596 -0.0505737684708213 0.0588876877712026
-0.139293983808536 0.76438627006568 0.332013723488017 -0.488485175346211 0.533231466406286 0.693064495553891 -0.94349868427156 -2.25034181092317 0.00220378815519905 -0.0250043313666652 -0.00152389793797957 -0.0276537840446129
0.129872434847894 -0.1080398382889 -2.36117031298064 -1.08729487976233 0.602527237392307 -0.0212186527849052 -0.0854122716867104 -0.275739611646347 0.00235587454330981 -0.0249040791838367 0.0138769980171863 -0.0446191780299839
-0.435384721194378 1.02694275975061 -1.33811556088584 -1.76876717279632 1.49584669068098 -1.29999265082514 -0.586135698348417 -0.772273656762493 -0.0211927902119904 -0.0353633215357696 -0.000552634425405761 -0.0288678345957898
-1.0786376343493 0.703127381844877 -1.30562632464248 -0.0813895624524223 0.492341075823961 0.868100721342806 -1.62010338043779 -1.97249537510337 -0.0446459377033184 -0.0356491470175048 0.00185048687989736 -0.0317882763433665
-0.907229167766958 -0.880516242050323 -1.50658685231801 -0.685123826250573 1.44926096506268 -0.390336783607695 -0.597669760677543 -0.529084626216938 -0.048349571556996 -0.0347699204268097 -0.00333563448586225 -0.0253373176914605
-1.54131390513166 -0.413735910728291 0.027193862950336 -0.726208267660036 1.21088737031081 -0.394215741731784 -0.489052218373726 -0.25834748696076 -0.0647406754712397 -0.0278516433220396 -0.00825079760566317 -0.0187128365663448
-1.51796524204173 -0.10877073308088 0.972075404667456 -0.306647051585839 0.606632944727994 1.43100721079078 0.164902545066023 -1.37773878631539 -0.0508790628384429 -0.034024527880479 0.0334511114592721 -0.0591416719246976
-0.824723663532219 -1.11736050929602 -1.2717924840068 -0.289359690032225 -0.776535993228564 0.442407875155528 0.463512773632747 -0.126548286534327 -0.0342091309591673 -0.0367704650176274 0.0288335162133182 -0.0564259724920241
-1.03834373174079 -0.154637373772854 0.398103299928597 -1.84389473579908 0.449727217200291 0.372026860416209 -0.312269248286887 -1.0997646916945 -0.041124554685692 -0.0362512844284975 0.00496370726954856 -0.035395077782374
-0.66943182178301 -0.17179449036505 1.05519290335311 -1.22817328245787 0.290894122508508 0.746275893419236 -0.0483694335473789 -0.783289310132671 -0.00306392198486943 -0.0282143100241757 0.00599683624870506 -0.0365479516414311
0.0844631754466123 1.68979185847914 1.40845626615436 0.457515501010792 -1.8311187927664 -0.649214056439685 0.85731016403631 0.206408065223117 0.0251981285316476 -0.00501973089022893 0.00640998852310393 -0.0370028456814706
0.953772881310313 1.10978814356917 -0.505533247122581 -1.10631875319477 -1.63187487403733 0.743038630816986 0.362333721993014 -0.980728529117233 0.0572891114339012 0.0391171747976323 0.0242393255079441 -0.0532888377554841
1.81825352914277 0.591965446903874 -0.757529027087053 -1.63254840041035 0.0386263876942536 0.0389792863619026 0.502067589504662 0.110167472744922 0.0912779102015172 0.106505747606161 0.0437411921072704 -0.0636159894806855
1.43082522786205 1.26474059751857 -0.61483237422478 -0.817542107552498 0.404623522435481 -1.18349603885929 0.211237185112184 -0.249078917423111 0.0678078629445775 0.0577034931307751 0.0262099555277877 -0.054687644650556
1.27227599882976 0.667113013463671 -0.613943141303762 0.454768005267577 0.580627791244609 0.485364482039017 -0.607038364290405 -0.979219597442021 0.0521484255772689 0.0307735697369097 0.024392623842431 -0.0534005179792222
0.952088001560881 -0.149156415347586 -1.86984447309597 -0.29126164177418 1.28112785647738 -1.07508164695816 -0.46113712295018 -0.349135549659269 0.0296717961107479 -2.27745185926769e-06 0.00964252156785088 -0.0404407817027427
0.284709396286688 0.235008471114546 0.275590270250639 -0.084699109225914 1.9704152533505 -1.10798949354086 -1.12210713118463 -0.916928358340474 0.00547054631982844 -0.0227574407422913 -0.0266427838273733 0.0104833488885709
0.191307971539154 -1.25281987793421 -1.69078686418574 -0.044275233407259 0.140080398575183 0.221147802983886 -1.17688432923971 0.162913835789856 -0.0107240942129692 -0.0319720532573563 -0.0174279558621481 -0.00501426693990038
-0.311926863211883 -0.0993893097330164 -0.0564219493750524 -0.857038222262962 0.0356190478015226 -0.802306636455283 -0.476969221135751 1.03298445848579 -0.0250186869476742 -0.0361000749820201 -0.0506311531665909 0.0590179134719969
-0.181846584500898 0.511286632737076 1.3393361250246 -0.482260821428231 -0.371086472461501 -0.0623004569362506 -0.502049440984072 1.03689647621567 -0.0119335731842206 -0.032466778516697 -0.0229256930426883 0.00402175096552818
0.18366143583772 -1.15508221702631 -1.15521068568602 -0.478577051914798 -1.62198988855058 0.0691975971508236 -0.276752457392634 1.66679161800384 0.0117918356451661 -0.0178526084794906 -0.00534978974811534 -0.0226827978711046
0.0225979792898137 -0.584789743042089 0.425099719707003 -1.59199427802975 0.167914282603927 -0.0423410878495115 -0.534723994174715 0.838528163084417 0.00229537342228508 -0.0249440111883941 -0.0354181576843121 0.0268653305069023
0.0439747694556858 -0.423448631058664 1.56236946034625 -0.208983956290923 -0.466786969017226 0.0377379385073746 -0.365476641090613 0.645961515456466 0.00692275838731903 -0.0216956213218609 0.00462807575654732 -0.0350158207001233
0.789125267072201 -1.37950618943076 -0.455330555506877 0.697866143398266 -2.83751073107128 0.0650390898000891 -0.567457573160485 1.70981256551971 0.0261650792528396 -0.00396640795535831 0.00762303908866344 -0.0383181679736628
0.825435036008007 -0.605261735178778 1.01622656747533 -1.60259715325989 -1.07915157619914 0.00897730640034703 -0.507542971948421 1.30024583252395 0.044467259144567 0.0192117670741406 -0.0132708116931491 -0.0114341601126635
1.55353401921716 -1.13478766833612 1.79163628031453 -0.392838182895494 -1.16593479751564 -0.706565456759147 0.341916997686316 1.79303043873501 0.0968238521061889 0.119516591948101 0.0419187106404356 -0.0629822344044577
1.7423561424862 -0.494009980786712 1.84211488117924 1.5766661090708 -0.506877571082664 -0.133837470096849 -0.83292801445524 1.34573310404088 0.0851771794942168 0.0928463724854978 0.0554565693724888 -0.0660589732201075
1.33829379169583 -1.5705861428071 0.229271800846958 -0.300254010213094 0.0419272246905846 0.270790783577682 -0.933224057565123 0.201655541171929 0.0695028536950154 0.0608887530559775 0.015982653218266 -0.0465596620607763
1.06038814582924 -1.59636960722273 0.912642088250042 1.37940052958198 0.803073839536808 -1.38030986609103 -0.0855897073690685 1.34050365211082 0.0509272702104085 0.0288629686341283 0.0219538571802963 -0.0515665217529911
0.600802862895421 -1.09516195903544 -0.204602748601423 1.36395448248677 -0.907939220454462 0.217860403993289 -1.54672839750728 1.36248242473705 0.0121894315913648 -0.0175195533825754 0.0055001625520356 -0.0359964508861741
0.121212785087239 -0.801928941568189 0.363635399044654 -2.0264357428835 -0.223353021153448 0.168907738793312 -0.72941910105662 0.90525973299262 0.0210314413420673 -0.00936201866223637 -0.0391252059457018 0.0342615386076465
0.496471223074739 -0.463913465364733 1.07703569814229 -0.907204433260267 -0.803608771573622 -0.506487479121986 -0.523612809268362 1.52545796013689 0.041211198005243 0.0146379893162833 -0.040495576814287 0.0370672188339633
0.872122508665167 0.624270166306968 1.61195605800814 -0.15338166598153 -0.496527849387762 -0.253816336905229 -0.935781989865042 1.24179834200342 0.0471690045336792 0.0231548331083433 -0.0212644355721239 0.00122578728775599
1.23130977653093 -0.280039462488335 -0.00534129750512334 -1.00785877839811 -1.48020788773826 0.848387888624746 -0.985338634610349 -0.102197625304598 0.0675844841813109 0.057287653683951 0.00283424477964354 -0.0329495451319833
1.8502876891603 -0.578957472562903 0.973451327720358 -0.958632828396912 -0.65412799108879 -0.213383383735239 0.19387431100749 1.45778630852302 0.094946894772972 0.11504993795944 0.0138334862867997 -0.0445781177936454
1.5294845502377 0.563660298422357 1.60095546104818 0.432501775195405 -0.40111591891499 -0.887956946706122 -0.448623371962088 0.201700108600904 0.0804103567814922 0.0826496809232693 0.0201157906874429 -0.0501034240771626
1.73635805856722 -0.0510480822254964 1.4905648011587 0.932047794708861 -0.983981119928461 1.2398531561919 -0.591440358501308 0.319986672024756 0.0908507465874903 0.105527066133152 0.0374717775142573 -0.0611491474772994
2.19892723687412 -0.852494283697154 -0.527360435608107 0.632140138334014 0.0774831479128476 -0.276858321141852 -0.726055441634393 1.0843032012119 0.0867415291151084 0.0962836901986517 0.0372584955048752 -0.0610510086367992
1.32706465447015 0.224106307803622 0.855232940539192 -0.692665085687886 0.192730762754148 -0.551816687146221 -0.426340234063331 -0.455228566891275 0.0679694859194752 0.0580049405579808 -0.00188257819621956 -0.027200538945658
1.31119096073153 -0.565605728030349 1.35691356015627 0.444807236258459 0.768621214299774 -0.651680525136029 -0.928680992617272 0.573118977175411 0.0678803351617375 0.0578386036644775 0.0122003110193194 -0.04300879800904
1.42688099548615 -0.892329779388347 -0.113414501030607 1.77093576686778 -1.01810498112913 -0.246939392117569 -1.96420184866295 1.37556610422208 0.0381378600050776 0.0104996580537357 0.0235482281874704 -0.0527793616296157
0.452672134000318 -0.134950053916548 0.354694542321067 -1.35342625647873 -0.368033831040863 -0.1231418782016 -1.64097639003109 0.153650218365308 0.0233590306828896 -0.00697567674020858 -0.0214277661057291 0.0014981632942266
0.687366787538017 0.0550215495242804 0.842292207191787 -1.1061034353364 -0.481904837934385 0.266418022906623 -0.166549812624049 1.76098415432088 0.0496805186299342 0.0269405978423191 -0.0272970748634831 0.0116501465855672
1.01489976914162 1.55674271516548 1.22244181331975 -0.61906556762936 -1.0098011879585 -0.530216210577273 -0.346854349660427 1.60123155200053 0.0535928170844446 0.0330688267545858 0.00483210111718668 -0.0352466415087528
1.53001800710147 1.48576880595772 0.824510994925883 -0.24703433401183 -0.0406836816162686 0.42618597549096 -0.466278018472783 0.530504910946253 0.0670595668736418 0.0563140833473143 0.029981957844194 -0.0571423640501337
2.08434466328049 1.22660081548252 -1.57389622883221 1.28655295948645 -1.08164235190769 -0.255203369849553 -1.11090678756493 1.95724232047606 0.0499021347583803 0.0272802206118613 0.0560374210980311 -0.06610665018614
1.20400782822153 1.52481225347803 -2.0913063095997 -1.19172259136643 0.316813855905717 -0.121141859618525 -2.1367524692255 0.647503515915893 0.0211069873680884 -0.00928612931358779 0.035147466167799 -0.0600291895881698
0.901490935741499 0.857791873764863 -1.05485078773946 -0.929164224422763 1.12399086651049 -0.323455903722331 -0.946126708826124 0.711897969484545 0.0177298954581983 -0.0125760986459912 -0.00963275844624938 -0.01676078926061
0.797528154986223 0.857452304608035 -0.921324314534068 0.589542716981794 1.69391848865318 -1.21260129405028 -2.37087669473203 1.10631814152964 0.00298683315623275 -0.0244836236826634 0.0384132202935568 -0.0615711605359864
0.179123855124044 2.37990254049706 -1.09701398704655 0.922606602983311 -2.09089309500448 -0.340447593684237 -2.00251608200032 -0.632056355429917 -0.0239339644174743 -0.0359185167937387 0.0952877660649362 -0.0532514432009289
0.0465347409888693 1.5658640476972 0.176749895285622 -1.20171960778291 -0.526791051848707 -0.0198679044881898 -0.70692173404148 1.19146528206579 -0.0108180267681417 -0.03201143845873 0.0750564671912999 -0.0638344043374486
0.354248949629891 0.351733219667045 0.399577515905229 0.496758962934411 0.809427095043466 0.81571184554524 0.777480468253531 2.71115265313347 0.0151203696140619 -0.0149747284785322 -0.0201036645577044 -0.000694151818010506
0.395400573279557 2.01006225524405 1.82569851017256 1.40633036819404 -1.22881561031479 -0.569408029161867 0.274972912299397 1.13745478994653 0.00475001789014869 -0.0232698844266241 0.0427619426501264 -0.0632839537325027
0.44283691773258 1.01394473341306 0.338389694741294 -0.220468849134434 -1.35432103458415 0.670546862373574 -0.124428464598922 -0.202377701473853 0.0232059421803991 -0.00713568888958457 0.0402533845863848 -0.0623433996637088
1.05849542588417 -0.344251054297763 0.515409984142482 -0.0178377177767566 0.94377578737822 1.33315189611324 0.245209360001355 0.640531418206441 0.0426062757694223 0.0165737898300964 -0.0209460323205756 0.00069638363490201
0.984727713123822 0.606974921238373 0.759108156789246 1.91366592795207 0.87970806692906 -0.616848592046623 -0.0690035381958572 1.72469435728118 0.0195171569833951 -0.010861059189792 0.000710385748223963 -0.0304175531653409
0.566513747841173 1.95061847045551 0.464928536100676 2.28714960036945 -0.946710182763937 0.782313074406513 -0.26581565610042 -0.265272107855296 0.00513552538429595 -0.0229968964023094 0.0369323298448126 -0.0608991185525958
0.726452100460318 0.0712588822771859 -0.606638955487496 0.679478159961659 1.35123824388883 0.897920448113482 -0.588733155711675 0.380481060732285 0.0132964566054021 -0.0165769211487965 -0.00441326639699266 -0.0239274503050995
0.352487205463268 -0.000600602772368624 -0.200025591703015 1.99475586580302 1.93448190536758 -0.447372340210808 -0.981845390033868 1.76046022651158 -0.022013566655156 -0.0355440470764769 0.0276918536616598 -0.0556869235121921
-0.457385306731413 1.23372193336402 1.18024198792192 1.55207265238296 0.954312160253257 -0.529292409073606 -1.34612952490246 0.891166746783368 -0.0574242542451095 -0.0315499145188546 0.0381460308173142 -0.0614532422231624
-0.921886758423447 0.0246627090606731 -0.634087166556952 0.152740536431262 -0.019553023472899 0.793499139342358 -1.10391042239568 0.672738937020517 -0.057846322360002 -0.0313633125904907 0.0168174755715091 -0.0473037561250717
-1.08101751983318 -0.806358226651529 -0.77766765743129 0.841772153401597 1.35474514620438 -0.241085806295051 0.588437485375937 1.23917483889895 -0.0496698243896309 -0.0343955397894744 -0.00842838002141202 -0.0184641972283587
-1.19058249518204 0.196151824751095 -0.00744024633033264 1.4644899095616 2.51203679677712 0.148827312140181 -0.483843702311437 0.54127556809509 -0.0676724405921509 -0.0260935788063004 0.0373179732510163 -0.0610784705913028
-1.61748772551862 1.2266066506734 -0.272426231199513 1.26679925353921 -1.74330621812938 0.391952965124029 -0.512976514563498 -0.205990966788943 -0.081899036622451 -0.0153190145795166 0.0486608633471662 -0.0649856791302184
-1.10943297651246 0.883022486570996 0.527164017467758 -0.429568923273312 0.189983986656365 -0.136497755869877 -0.454571601367074 -0.0760128976889632 -0.0785494762868113 -0.0181906541802668 0.0105845568211547 -0.0414022358228667
-1.11203580209128 1.69107633087919 1.31147462761264 0.201162038415434 -1.10066165127397 -0.282174488956918 -1.1747475225757 -0.156811686774751 -0.0858418399290833 -0.0116745301155273 0.0311599028716066 -0.0578489795383657
-0.650523023116667 -0.0047766846444176 -1.01329900729952 0.39722472613993 -0.770712885403867 1.57120340498571 0.656599798498344 -0.411482507379389 -0.0470264996438193 -0.0351129586611014 0.0246703115929135 -0.0536015871187173
-0.270618143910345 1.18269582600817 -1.09963800179916 -1.01916743489073 0.498612871458072 1.80014474897039 0.333868371767791 0.205130740891297 -0.0337448411070893 -0.0367738324831751 0.00852540762589956 -0.0392769849582179
0.419982312623415 4.00642373475376 -0.0785846834713919 -0.123597914165291 -1.43159861670263 -2.8345864160385 1.48693957742254 -1.11814803264497 -0.00696083921271722 -0.0302607446867744 0.0977853616919954 -0.0513611919519524
0.40694660306884 2.37548374333921 -0.555784486463483 1.04838771225262 2.06182377492112 0.958378979628219 -0.69513429736286 -1.45407802627347 -0.0232876920439061 -0.0358000640233209 0.0323165784960472 -0.0585150668859054
-0.0550696777554916 0.416843346351535 -3.08343547901349 2.2130977066318 1.67871595984351 0.520419726825779 0.0748400713255588 -0.898227521951918 -0.0614180191929154 -0.0296531207282262 0.0880782302211983 -0.0579881531547583
-1.21958370575353 0.932412743563575 -1.80653404641761 1.01074885239223 2.15711980305793 -0.260155254199296 0.0384679699151904 -0.591791960614868 -0.103718201367629 0.00843398271882015 0.0953117310298364 -0.0532339154391933
-2.36711080302555 1.88029207819199 -0.697500567713598 2.43815292446391 -0.744395905972612 -1.14600105413089 -0.647256157972143 -1.10453717952765 -0.14847204390229 0.0845363326221308 0.153960901442277 0.0250480299751766
-2.88188341899411 2.03822140214128 0.758289629344887 1.444822038353 0.881843562491677 -2.28135478797035 0.4884388892124 -0.404163363518811 -0.1895069667486 0.186668216427515 0.197545883227692 0.129044513753936
-3.37035068208292 -0.0689168265034044 -0.935155183099101 0.0928824248936572 1.19708851243585 1.43211123792886 0.304952125631189 0.822116814216834 -0.203407062959881 0.228282025698206 0.19130455754681 0.111755533201937
-3.56065918631318 0.729311087492969 0.371328312225016 -0.802510718510516 0.204734452062344 0.58695768674691 0.776150645360046 1.78547770278591 -0.200681215559173 0.219841508028974 0.197342212729465 0.128467684486734
-2.90608971702965 0.671299614533756 1.18553062049042 -0.839369622255865 -0.441566376579199 0.418388128050517 1.14958972857414 0.76248090657497 -0.133535904858879 0.0550448821537389 0.170047040089195 0.0588817031171321
-2.13703041889308 0.224023338618639 -0.323765880925662 0.923418846963224 -0.522314875964779 2.44579978675178 -0.277468899090357 -0.532609129701021 -0.102776531462218 0.00722817125907255 0.105525775427214 -0.0446881058057507
-1.85350135276678 0.111548433557157 0.409470359485554 0.805383189015978 1.15160976079201 0.104753045369701 -0.151199909359584 -1.00726371253418 -0.123331637641283 0.0372542364290264 0.0933092683542713 -0.0546577573888174
-2.48279738986974 -0.643585973650919 -0.69379880167534 2.82170492964804 -0.0860183541849464 0.878634590909723 -1.05633175366813 -0.895303736815747 -0.159056322732251 0.107917499724125 0.158204942384327 0.03345761570563
-2.81179305107084 -0.980137795066092 -0.975257727784132 1.79577501906259 1.40854274295248 -0.431254315098962 -0.552365214333559 0.68261506829075 -0.192885891201299 0.196457245476237 0.215097904866703 0.181959603710675
-3.576810712811 0.186802088748565 0.405444082810353 1.07945306988703 0.382672684881982 -0.583518546051436 -0.696483331770456 0.466460646075493 -0.225362188935327 0.301245577884955 0.245659538392059 0.289216533757273
-4.01032398616802 0.0852093473552423 -1.12051322003457 0.0336310684841674 -0.407624993859694 0.23680262599654 0.966996800411642 0.232299697731965 -0.218751620621125 0.27834440787537 0.25667236031689 0.332574616608284
-3.90495609439874 0.313255994347514 -0.0961553465003688 -0.355023382199829 -0.209847090134648 -0.0980620919099462 1.22138061643764 1.34394991281507 -0.198382866822358 0.212830854441018 0.22256410194975 0.206389220708547
-3.72061240170529 0.66707819300648 -0.0115947765368384 0.179929687416484 -1.56783792987083 0.64638008131838 0.91332879120741 1.17619490906075 -0.189952690672614 0.187947500660334 0.202489229585377 0.143306551085635
-3.28749699514296 -0.0435096708441592 -0.946878463747878 -1.35453366700724 -0.862232914504473 -0.179349049176975 2.23399483430789 1.06325201814864 -0.153497751859633 0.0953816147785054 0.179588570540038 0.0814647915035045
-2.66795115880857 0.887543810877305 0.0508139048707291 -1.56904325763577 0.359446129450118 1.0807813877441 1.98211086584172 0.668588386448674 -0.111441870120839 0.0189392659455069 0.121578858705325 -0.0269207556503157
-1.48029463073476 1.30260487382366 0.835784220786009 -0.45415178879579 0.378576456432425 1.27379062881192 1.92527701538852 -0.101529489615652 -0.0478874134784608 -0.0348934027069511 0.0613043875708878 -0.066222237853397
-0.666558435039532 -0.380389340465945 -0.719462883344595 0.807702758422633 -1.50454149526455 1.46682240176893 0.840860285741971 -1.13341646861814 -0.0155211724599968 -0.0337760826648015 0.0170975534180378 -0.0475501841025146
-0.499476290531797 -0.86216629169279 -0.239783275313946 -0.354437206544118 0.0755671014895326 0.584136486879747 1.22481776553293 -0.624077520422073 -0.0122845016258083 -0.0326052896761239 -0.0187206975126099 -0.00294543174990769
-0.369667434258155 -0.815121537713236 0.752323117241345 0.0522687619289638 0.289593326614972 0.0470429287401668 1.97490941737952 -0.656969764034593 0.00635204830422149 -0.0221175331288939 -0.0188114996360171 -0.00279882495821499
-0.330403330321033 -0.0620997801263154 1.71962295154853 0.924825671271668 1.04410112321164 0.697684475788194 1.06713723646786 -1.76965069341265 0.00887139489317474 -0.0202099241554747 -0.0202740064484956 -0.000414137756662754
-0.0931299977007269 -0.946218022621067 -0.0312278255682589 0.784899870871908 -0.617984142216671 2.29503895960999 0.477215804237976 -0.883199419503759 0.0137504211706289 -0.0161838574862977 -0.0145446813460238 -0.00950468847952157
0.140861243693449 -1.36655902008039 -0.0602086641412605 0.221906899652314 -0.0861502810683358 -5.89405222463179e-05 1.79951431585416 0.609498684850056 0.0221877360742555 -0.00818898413080061 -0.0325186357461059 0.0212772657272719
0.0721664428718762 -1.03509061024394 -0.0313699390884038 0.493178681233997 1.36016543428265 0.693120585249146 1.47712945028118 1.32937289971214 0.0162623690286206 -0.0139404252773036 -0.043516871043807 0.0433894241548999
-0.165472048023158 0.609791199666677 1.26662646753309 -0.383751743591373 0.702006960696033 0.616750200656854 0.813050660606806 0.125293571027582 0.0236183604385724 -0.00670363548590878 -0.0370067547017433 0.0300002514004646
0.047125981558989 0.434190612498113 1.48620648497988 0.595736430341869 -0.973357800544503 1.04581556946059 0.716012080140445 -0.0748075094119903 0.0300912359420865 0.00048700850266416 -0.00998991920248357 -0.0162499050725693
0.566038702742782 -0.97293147729064 -0.527364440874799 -0.034549637897213 -0.787064142041159 1.19879513223269 0.357007323483519 0.638662491143814 0.0339875843613235 0.0051867308915327 -0.0237421343395639 0.00541665698040664
0.40206774578027 -0.0691907482430562 0.375462269130253 -1.67327074800024 -0.0959017364914946 1.03140100788921 0.473820521868116 -0.0915062577863508 0.0335202054038624 0.00460825590312018 -0.0160970828795565 -0.00710821902600632
1.05434296558396 -0.644526825604049 0.600821461158571 -1.29469919308637 -1.03626406943853 -0.165597414354239 1.59592183560043 0.0930957025265964 0.0814893948031979 0.0849212757315182 0.0216297372190333 -0.0513135688963638
1.32013927678118 -0.311478285201089 0.649254590060815 -1.27785919490919 0.0898801072219941 1.23166685860306 0.892836019991403 -0.33725688995721 0.0918520844274909 0.107826531445524 0.0313197518435818 -0.0579426693089573
1.4581609511239 0.0156131454304522 1.30357943467199 -1.13733538816356 -0.67738038360051 -0.0404297165058963 2.18165296614702 -1.69150614769326 0.11571591704707 0.168080678873321 0.0819481545664588 -0.0611747497396907
2.21495110602355 -0.304149094704956 1.24625096364666 -0.305324977496252 0.409325162315216 0.737666342316526 1.46479486991116 -1.03828725439363 0.137949321970188 0.233637402584519 0.105151547503461 -0.0450390788541745
2.20658352877167 0.21773041877025 1.56633696994494 0.591344613059818 0.993650916490116 0.370982856123455 1.53477369249975 -2.30598987996314 0.12689985827698 0.199921576101411 0.11119987038303 -0.0390136915157003
2.5848664921592 -0.835385527751343 -0.247821945565085 2.17796306754104 0.260002824414297 1.54063010661843 1.32177636100155 -0.88044700607008 0.116802144207288 0.171072384116152 0.0970312926469256 -0.0519454127737029
1.80404997190979 -0.60176926060101 -0.818218080575465 0.696295160162729 0.530639711134722 0.974397019578278 0.221391584786664 -1.25805705880218 0.0862468328647527 0.0951918397371048 0.0609869634219175 -0.0662314280008214
1.41231065852257 -0.826274325507097 -0.364570298420398 0.0863917469691389 0.783074506856259 -0.566480066867149 1.5350665939388 -0.38178564368937 0.0797058851983344 0.0811781719178682 0.00836908645323992 -0.0391120842578356
0.966031638359741 -0.616092269012053 0.113447552852495 0.555437236342021 1.52106457678563 -1.1059778901604 -0.039779213296429 0.139743240890987 0.0652423976336253 0.0529828722841011 0.00758367830888986 -0.0382759637699212
0.488098122060718 0.0294287057012596 0.627224429631308 0.80471987161308 0.0673532434435424 -0.752203900559378 -0.311165041844995 -1.20474481465502 0.0365592700897257 0.00844153466063567 -0.00922698477809378 -0.0173380260378548
0.55971435012656 -1.34573021195184 -1.6433087209379 0.034870772600613 0.147017384239623 -0.66561655271012 -0.195828192937879 0.166920248756383 0.0262020117660861 -0.00392583572647649 -0.00969599128007112 -0.0166705318856385
-0.0867916139175646 -0.44359379366228 -0.701586924376111 -1.34354670253553 0.53347909031837 -1.30820763576476 -0.748246846234019 -0.24047879034556 0.00349812808805886 -0.0241375416755719 -0.0366615156934885 0.0293145461182542
-0.250531088482577 0.203555828274785 0.480613306390562 -1.42242233034221 0.0890280561034558 -0.825250255544103 -1.00888133229841 -0.148929743337741 0.00887729856263743 -0.0202053169780134 -0.0534578028787082 0.0655163899924991
0.414422123591684 0.42850301281287 0.788612782942614 -0.43888456802668 0.35065298009189 0.586564854077859 -0.913545379349131 0.760284426125243 0.0325836773219661 0.00346119856454079 -0.039872703881812 0.0357871686555768
0.836972658392242 1.35521709600142 1.74684055696759 -1.00462624937101 -1.00233307616062 0.775238796620554 -1.43282932438221 -0.243851569171275 0.0572772060087117 0.0390972904917482 0.0121459208621703 -0.0429555905710741
1.79529970442817 -0.308439434527739 -0.980597678078284 -1.3894400746059 -1.43595014373458 -0.0725261318145122 -0.348854285041223 -0.444301324538151 0.0944708448657687 0.113927361786726 0.0335572413904284 -0.0591989336898431
2.03399328652002 0.433520079824868 -0.783099639089264 -1.32931949742478 1.54818581811908 0.560829581383112 -1.89843903857918 0.344522793591987 0.0767478442762886 0.0750989471925892 0.0339147249134693 -0.0593901074636665
1.4107833939828 1.42932950505971 -0.126920797084243 -0.734880696719564 1.01719138105981 -0.235962205527631 -1.85579955645637 -0.187765170447768 0.0492641447003386 0.0263049535819414 0.0103322296229251 -0.0411464968569113
1.29226289913522 0.911029834640668 -0.8195345977637 1.05983443882126 -0.48994276781967 -0.25471984092215 -0.504380746604384 0.926198814500429 0.0398757344749318 0.0128184223998053 0.0155726930772487 -0.0461890085619481
1.13970252319681 -0.358462957557332 -2.68914444210559 0.547268714226401 -0.845428457758669 -1.52708655534321 0.411482444214997 0.122904015941588 0.039383769714846 0.0121563836871142 0.0316827791333941 -0.058153492825172
0.417095827437105 0.859109350221055 -1.20684289953613 -2.09035919298513 0.484581474634041 -0.201419074076818 -1.48478769097992 -0.991284533896904 0.0262280638343999 -0.00389720113482839 -0.00879020868896269 -0.0179555812299293
0.605933989263921 1.25880016500042 0.419988348410079 -2.62057288391247 -0.162519285221171 -0.461967176792462 -0.738643002591181 -0.505648171649289 0.0460052026605844 0.0214398712463798 -0.0129034838846897 -0.0119843351947873
0.555023845982874 0.495412429415515 0.325934741627185 -0.975369204880029 0.0185697529581911 -0.56095549377235 0.230316794056077 0.264452464557498 0.0480595456380523 0.0244839354895001 -0.0307667302556685 0.0179847272205377
0.275585898497772 1.16517737517856 1.24721355032067 -0.352202295156203 0.551270930815486 0.768700493721335 -0.821746224757379 -0.102982719424607 0.0223839742090901 -0.00798746572328544 -0.00964865987331577 -0.0167380995980033
0.719877046946798 -0.12256497774134 -0.295779073235581 0.0749378185325428 -1.83050093023488 0.915649554730611 -0.663265991216083 -1.13933645325652 0.041370452578623 0.0148571611153548 -0.0150056440239754 -0.00879826601438754
1.1212688167711 -1.20866865117792 -0.856934759399499 0.0984790077199864 0.2187440884566 -0.37860202041118 1.73834200782253 0.186974078770567 0.059014830955768 0.0420270108757157 -0.014978731247614 -0.00883962980363347
0.600479058722385 -1.18825077435496 -0.33374462903347 0.819836543389577 0.590976206351293 -2.22493845161779 0.47466036568509 -1.09457719002635 0.0168808314413526 -0.013370280578719 0.0139833149267116 -0.0447193411320972
-0.0533636535589281 -0.801562922600474 0.461677410789546 1.20394000757276 0.829092681291696 -1.78361054176441 -0.544483318660336 -1.55691472916945 -0.0219615729098337 -0.0355329660104819 0.0170264188725704 -0.0474877488385452
-0.533981244190793 -1.6353068021304 -1.70079059028186 0.774200119974441 -0.460117944943233 -1.35776219246092 -1.29050400837 -0.892018888061313 -0.0470306566049073 -0.0351119312571173 0.0343931845470652 -0.0596418634200908
-1.26211626902703 -1.52774019038418 -0.787566833309375 -0.48105307785643 -0.58816197784697 -2.63664828758322 -1.16694134499463 -0.651821179638399 -0.0611063387572919 -0.0298116971067783 0.0233848043055615 -0.0526574496715769
-1.193018093646 -1.07935652325003 -0.00907869391166219 0.41349053791041 1.08880457610772 -1.26545134894812 -2.18042698075341 0.261183929138239 -0.0663217352655626 -0.0269231704000474 0.0200876208751074 -0.0500804603432518
-1.63882542499641 -0.216894908753837 0.723816948107678 0.0236094824050725 -1.35669739515102 -0.188858213791379 -1.24990333573182 -0.444447284423507 -0.0692946584723813 -0.0250529035393889 0.0238340621202798 -0.0529912692730383
-1.45647466702236 -1.42359671212199 -0.661550511635848 -0.678310572727332 -1.73264912924116 -1.5297125937584 0.0861569641732959 -0.319242405631353 -0.0482477952270872 -0.034797450751875 0.0419638393116131 -0.0629987524072922
-1.2293259852076 -1.28912445151313 0.0261527695803868 -0.436888729083735 -0.0389606879690834 -1.03887939709624 -0.643224944305794 1.14172289853626 -0.0512500047788747 -0.0339053304852956 0.0148787124631348 -0.0455536880017879
-1.41040052060308 -0.236747524069016 1.26817519309204 -0.982052356689641 -0.471741094736003 -0.924578292502611 -1.86842535474331 -0.36358603879643 -0.0562337507033886 -0.0320586084220973 0.015876542118349 -0.0464640563604407
-1.0993479048941 -0.300019325105061 0.252242400822589 -0.413291711420705 -2.34095893947025 0.356041904524729 -1.45506052057586 0.130245535743118 -0.0239178110674245 -0.0359156496537055 0.0198630294489619 -0.0498967920142525
-0.224767122959646 -0.484763043279406 -0.384606562541382 -1.679661928874 -0.568974219663985 0.159263680381594 -1.52698358748319 0.445750499396894 0.00527643803072602 -0.0228964307009049 -0.0198136387969032 -0.00116953346194133
0.00682048658551176 0.433329480163698 1.04567642560901 -2.0931468092581 -0.84216706543952 -0.941988455472544 -1.3217031463734 -0.948046410306263 0.0171310527961326 -0.0131376102406073 -0.0302137639407952 0.0169585863562842
0.476434471532961 -0.0926985912849496 0.283429648953316 -0.0120283970278519 -0.214636916399371 -0.68747553152525 0.225234357842105 0.436883537355215 0.0356977793195844 0.00733766527690237 -0.023783335717241 0.00548741371882128
0.824406495294363 0.121732922895051 -1.1168887041704 0.109622620905659 -0.75932690429159 1.27105660334034 -2.12473110784936 -0.968186001365498 0.0105590193430659 -0.0188668317327023 -0.0250635423020209 0.00770335873491891
0.43194754493782 -0.0791474472520157 -0.811339209891427 -1.20694032355999 -0.367319246110096 -1.37483732152168 -0.139570917209289 -0.745727764388239 0.00927433057335965 -0.0198940060316483 -0.0483268558354612 0.0538419094843476
0.239770214014769 -0.653732361669208 -0.506500080428203 0.618548116113646 0.722116632425756 -1.36209188596819 0.284373358339955 1.0681763997623 0.00858338197712543 -0.020433909194939 -0.0460901600298425 0.0489222011950756
-0.152710506701415 -0.214931188172632 -0.238836877742292 0.970131484496723 -1.07763315498848 0.602819139511771 -0.0703216361684787 0.360420700818407 -0.00802919137950492 -0.0307730290933989 -0.0450316658959248 0.0466298657951365
-0.0782187300687776 -1.02886660803681 -1.07700205465154 -0.114141849315251 -0.127246155806465 -0.661408100056934 0.590591537360305 0.831221413335757 0.00831944300647573 -0.02063783326687 -0.0489251039907468 0.055175222560239
-0.392944774581218 -0.413301077534875 0.364156525961819 -0.437553978822161 0.322367121462586 -0.315136506947241 1.44445795691403 0.216348920733689 0.000582198778868942 -0.0260468160462905 -0.0620561836332919 0.0862943004578031
-0.345862505792243 -0.574271977590801 0.480985029413745 0.875890238399318 -0.62318663156926 -0.0313095391893543 1.75645747595488 1.72145829813068 -0.00149182660319522 -0.0273097191668727 -0.0373448121710679 0.0306740682799255
-0.115409615696941 -0.874678311306478 -1.28759321413822 -0.208377759826165 -0.648346516789711 1.0971426662349 0.990305930558085 0.763835191169162 7.48779741499318e-05 -0.0263630355553598 -0.0372362177658382 0.0304573614309079
-0.183455380728111 -0.328082298589803 -0.042995472982567 -1.7243144635182 -0.672787920978397 -0.761535804632585 1.89839369861916 0.444955054533821 0.0261036035089626 -0.00403388656159444 -0.0212400347947441 0.00118514275975467
0.506815789380997 -0.568637590793408 0.152592393854952 -0.0369247087208462 0.280369234005732 -0.0570984067878381 1.78161049645579 1.14325488857556 0.0566799675698639 0.0381031331565532 -0.0160650172660515 -0.00715822059563263
0.728220981577885 0.0706115819735679 0.483425937887572 0.775178786216592 -0.696143842961496 1.64984498934805 -0.193306248841376 -0.312848168541874 0.0477482259355738 0.0240176441491608 -0.0191905686443351 -0.00218495819890757
0.978702809929057 -1.31026825106659 -0.649098103387112 -0.601455710129333 -1.19863668649594 -1.15922701900807 1.92509749843896 0.368192442393284 0.0572490997142074 0.0390503580134008 0.00199951072677902 -0.0319654695018874
1.28724005052468 0.411228592167623 0.599818218157196 -0.116826382262117 2.41331720476935 2.45961356663424 0.476624275400589 -0.105666037519084 0.0505262651284059 0.0282415405162951 0.0212839543282883 -0.0510413275928055
1.01838291788644 2.25793170283846 1.89019431569709 1.28170664818756 -1.01451668164848 0.51297011460174 0.117330319897771 -0.781061731727953 0.0283214127725935 -0.00155556525586331 0.0963302667080549 -0.0524780483782085
0.892501450158209 -1.13933990630658 -0.956379580738104 0.581200686295522 -0.529188437985494 0.279887902719943 2.24539172223304 0.494936048215779 0.0527790368148202 0.0317709465697564 -0.00428861393738182 -0.0240917548738488
0.707669361283024 -0.116419696677315 0.0891439178292155 -0.24155994146363 1.14250142900887 1.18654827552821 1.53973282407385 -0.0610230004794981 0.040194724226547 0.0132500654730816 -0.0110888292874712 -0.0146615653014779
0.480450439195192 0.630373200215852 1.02933847293172 -0.109042134103772 0.0353191615635236 -0.192648407726257 2.5036436105265 -0.71295474448075 0.049788650116402 0.0271061946410604 0.0120939784563728 -0.0429047208610088
0.99466097138263 0.106754270001052 0.45094109548767 1.1178852266589 -0.278611145948965 -0.32917300940497 1.17631293352772 -0.160426193976193 0.0656285660586414 0.0536857125242864 0.00776258803065425 -0.0384675411938595
0.751217930352834 -0.339651090198724 -1.08313658525535 -0.188151929451115 -0.126005354487857 -0.104211165044022 0.209315422730351 -1.29640938360557 0.0415117303370699 0.0150519827959183 0.00116007112141572 -0.0309613945188222
0.420483300551768 -0.301021777287029 0.233885137316542 -0.722585216391046 0.118749888744287 -1.34842051797672 1.28767159605392 -0.900807640477287 0.0414217382509122 0.014927841514316 -0.0420755188807607 0.0403499066919759
0.507898113148264 -0.126683487239975 0.121093585595428 0.717403694882985 2.15441088033373 -0.382923518865445 -0.0432238896376704 0.205075266797365 0.0355205526584454 0.00711226812135456 -0.0101584100102382 -0.0160079843676676
0.108735630359379 0.436110237770554 -0.0878590400286716 0.740637721650082 -0.748379262386286 1.69301540990466 -0.0132457359177872 -0.946306516952084 0.0242401904011874 -0.00604628971598083 -0.0314661366456522 0.0192916246642881
0.782079350573193 -0.961014246439954 0.247452950751504 -0.509444419621894 -0.833143176341001 -1.44850380196339 1.94371160786745 -0.137750328368427 0.0609260894513734 0.0453135796373448 -0.0237201364828127 0.00537889349651042
0.707603075440502 -1.05006337446089 0.598339230237486 0.679829289708789 1.01283873495357 -1.00108616813038 0.0955428010375537 -0.333993246390641 0.0508928203882652 0.0288094665025659 -0.0160374957136541 -0.0072011195117057
0.3282037757899 -0.928149767542564 -0.741563113836626 1.689444410318 -0.389930790181671 1.223181621734 -0.159792705840253 -1.46824875941992 0.0181103224447014 -0.0122159631680589 -0.0127789274869205 -0.0121702628465732
0.340097766277269 -1.16244224332981 -0.191905064867736 0.8730945548058 1.59053887252944 -0.790545555707721 0.794149782356859 0.707742920302346 0.00566679024181703 -0.0226162175511806 -0.0429724008874279 0.0422362261095295
-0.261103494549268 0.446913735808349 0.893773972660335 1.00190367471063 1.75238871916072 -0.0447533285806526 -0.556245464477286 -0.375037571338704 -0.0232410881878969 -0.035791225416579 -0.0180380671200716 -0.00404216006210579
-0.426433086392785 -0.846383893982052 -1.03623100717904 -0.0771158244120433 -1.42089192876282 -0.252999192000525 0.698300076647173 0.553632140225227 -0.0153227258093035 -0.0337098401946063 -0.0195243185276982 -0.00164203506841223
0.0163058818107501 -0.357770715140444 -0.0530975625234497 -0.878660002318073 0.631685427800741 0.0640062051379197 -0.407901443990302 1.36852187045105 -0.00669614025876153 -0.0301305762611361 -0.0387424339750648 0.0334847567531825
-0.3002383267658 0.967649304857261 0.849204514251007 -0.984498861300563 0.303959446484543 0.147914148705461 -1.08244164351253 -0.0885690669003068 -0.0229809868229295 -0.0357411629955167 -0.0349655135325005 0.0259815886200113
0.397820445917906 1.54094173983445 0.755075374407979 -0.148720504488682 0.236342659209156 2.06902804226739 -1.13872035201547 1.40631144368496 0.00648893176417968 -0.0220168843447355 -0.018726646641277 -0.00293583162961609
0.581125426119186 2.05380498909174 -0.473079578732663 -0.426386667531699 -0.916188412754861 2.2049707488193 -0.788429042201551 -1.05971869179074 0.0310058451470631 0.0015651341810833 0.00632869403677221 -0.036913615245367
1.17852157737729 2.25781526515203 0.10595547906728 -1.2322955491114 -0.302887366485321 -0.790501849622361 0.426359835510195 -0.969175003218115 0.0540013188828046 0.0337249260804211 0.0567532583714376 -0.0661558616940722
1.23741753553562 -0.222197122098357 -0.915987067112969 0.955290610281771 1.2174930015379 -1.3817466742219 -0.446513519302252 0.687396158586251 0.0367294348232976 0.00866118827784936 0.0273329968929362 -0.0554490822459461
0.789792797388476 0.195923319237005 -1.28944253896304 0.862458713726094 0.656313862648714 0.496995682002222 -2.0539348200105 1.05790121222187 -0.0117605314438135 -0.0323976458026822 0.0395825058055942 -0.0620699270006603
-0.0528945400568457 1.67901931797744 -1.28781168277424 -0.913999515051992 0.356902937337988 0.558982961202852 -0.702884226875801 -0.73767181136896 -0.0115122325295767 -0.0322974852543467 0.0153375803280149 -0.0459748786024978
0.242788588079986 0.00297265435007855 -0.529165479058715 -0.907670895581011 0.21585249080864 -0.104488207875997 -0.430823387486797 1.01504279413096 0.0113375112489448 -0.0182296262828363 -0.049975428852662 0.0575338830970625
0.18862001791326 0.632691164081066 0.504655114337829 -0.126305118779888 2.07173888847827 1.5148267311662 -2.1467816989579 1.05136350970792 -0.00825576069751875 -0.0308789747270501 -0.048383750928651 0.0539683946008151
0.0332981867262265 1.18007483364568 1.16745205164384 1.00882999225418 0.557444796362896 0.746145604450281 0.34348649824339 -0.207753525675813 -0.00259572896392801 -0.0279496596039733 -0.0201349537297135 -0.000642762305100619
0.132822983076658 -0.710214547028234 -1.02405576047017 0.851484458660178 0.240292309227296 0.436230852174851 -0.748464937491083 0.0949095024357135 0.0010845017812566 -0.0257290633849517 0.00592307083907205 -0.0364663641801803
-0.411063916398056 -1.3507344615044 0.368666575679138 0.256832023593754 0.474087414796293 -0.402999703631431 -0.723246960142391 0.68850903726078 -0.0296867341679096 -0.0366345993474467 -0.0114012696654494 -0.0142054364588622
-0.708449120133403 -1.12844868863456 0.981673262218967 0.856158561139548 1.27276307585207 -0.247334721368853 -2.14973104371712 1.9022815111286 -0.0396589570858562 -0.0364347216130078 0.0167598555051256 -0.04725285870845
-0.910483183597183 -0.0753651823178088 2.10511278834298 -0.187811909636018 -1.56979787804853 -0.369706465015437 -1.87609424499193 0.665358196002333 -0.039199758755374 -0.0364840727228841 0.00885228753334885 -0.0396201810879345
-0.673903319643177 -1.73419335522761 -0.181469003507993 -1.08493788233753 -2.73117970874018 -1.57296048328335 -1.50724977576073 -0.788614913565259 0.00251860831387247 -0.0247963376246321 0.00158375581596384 -0.0314699859255287
-0.228466377739124 -2.47782787793337 -0.700420653594566 -0.558902718392604 -0.759274194909131 -2.77893213710245 -0.419826002813861 -0.858351657040029 0.0122472232117835 -0.0174709010748239 0.00975728300514127 -0.0405588850975546
-0.198711586835637 -1.23900416995138 0.756955474923498 -0.977525689724846 0.697375237590576 -1.35783474554654 -2.05463651936746 -2.34833774018904 0.00080634100690608 -0.0259055985566037 -0.0274036676060538 0.0118410675341687
-0.801270230012419 -1.03306577504428 0.24406749657952 0.772656200533056 -1.63988815808445 -0.664834358498185 -1.04991352027494 -3.23017020804257 -0.0207046217292858 -0.0352499598870629 0.0178877263625615 -0.0482367254706118
-0.755837508267891 -1.69697936176434 -0.159173899755187 0.249509072027803 0.253867174913859 -0.831140122851175 1.49237258403652 -1.33940089481723 -0.032257994903065 -0.0367579546626377 0.00346915771017791 -0.0336884544056953
-1.16494070893404 -1.3466903766993 0.424822163863746 0.4478043245963 0.895644670838419 -1.5583685618659 -0.773437857822718 -0.0937802302328593 -0.0609559162212576 -0.0298875900609068 0.00957711216631001 -0.040373346331589
-1.57083238381666 -0.356498007676031 0.600378335506397 -0.0154822114904014 -1.61611358654831 0.705649165614962 -1.55927320016935 -0.10108936140534 -0.0869874928000299 -0.0105619825607438 0.0209027558891842 -0.0507383531953404
-0.979676860396682 -0.883511381431664 -0.408614461252586 -1.9593455685515 -1.19812050405388 -0.732861061787985 -0.355965847378333 1.14922630026199 -0.0406199789232804 -0.0363188946803092 0.000150377566751677 -0.029734474802152
-0.75494969278853 0.47326933001597 0.376752809556419 -2.19089510001024 0.0699699649254764 0.151772518493572 0.366050281454319 0.456749015716637 -0.0268473280136708 -0.0363571863949388 -0.0297225612568058 0.0160523347369987
-0.0650751552213544 3.5013998704451 0.971074513947912 0.732932481363586 1.12269763659464 2.16250111673969 1.98545255536418 0.160538811663091 -0.0141715292933202 -0.0333112858965884 0.0865885025145934 -0.0588336456865227
0.357674271528802 1.06942279724465 -1.68518722489135 1.26512895838315 1.19700340388233 4.43550927982698 2.02286295555027 1.23709375829767 -0.0118789103816685 -0.0324449993957476 0.067543303553973 -0.0656209709401596
0.824019234036115 1.5745668813913 -1.07077671309705 0.831703827370466 3.17921016509877 4.83750838017929 0.688658044673839 4.47697751866056 -0.0241481877635696 -0.0359560868148618 0.0829118849127795 -0.0607249744857246
-0.523429425481634 4.32840690843587 0.592177442417973 1.73063792246656 -3.10754764959675 -4.33638816940728 3.57992442146869 -1.97968078062804 -0.04091428268233 -0.036280028407946 0.231174727681392 0.235986986157224
