"PC1" "PC2" "PC3" "PC4" "PC5" "PC6" "PC7" "PC8" "glmeanLin" "glmeanQuad" "glsdLin" "glsdQuad"
-1.06087857817384 -0.731936927273032 0.209159795275493 0.282567829112279 0.703483265149197 0.730238771236812 0.684005328885688 0.0406927273300229 -0.0621585342450097 0.0205340744131957 0.0787191538806306 -0.0526765198545218
-1.44047183605354 -1.29795898705264 -0.157953882442905 1.42235631595998 -0.553583542798713 1.58380043308006 -0.844750854346739 -0.578757777855169 -0.0406573786178696 -0.0100347721006504 0.0424522389082398 -0.0494860509426907
-0.591801181224421 -0.649696652657476 -0.470306483471991 0.771694542561543 1.48180137327768 1.02172620331855 -1.51856257058829 0.190792065204057 0.0114934772258433 -0.0359325344106155 -0.00195280819493232 -0.0192106966576802
-0.486077866073124 -1.04969598464938 -1.59246688337177 -0.385734972223247 -0.746370997973635 1.56056469341628 0.527801701117663 0.288231030047407 -0.0113787529444446 -0.032985980289104 -0.0163426213344693 -0.00317195464336374
-0.847273302421275 -0.63186748509494 -0.761830721639474 -1.6575821464054 -0.124188779723963 0.836923933435519 -0.993559925483652 1.16620747839007 -0.0586107365397086 0.0146899961401435 -0.00208094481393477 -0.019081328707157
-1.52109256173297 -0.521011752953964 -0.886021579409954 -1.63755883386907 -0.538828811083215 1.14943671888536 1.3008065435895 0.857139970789467 -0.0919403771471052 0.0820601493641174 0.0266579333650132 -0.0420438437707329
-1.44168356142222 0.475194215256701 0.814811681580357 -2.20813592563666 -1.58656221056444 -0.0825527174630643 -1.02829214368107 -0.0540546303145295 -0.10267492083008 0.109699616655768 0.0550989221926025 -0.0527974697979118
-2.06299897605293 0.640517416516558 0.874079353978765 -1.59983299319254 0.198280243744423 0.514192676900725 0.351128675532847 1.14056840493371 -0.121399243177528 0.164839858897921 0.0661528103141299 -0.0537633641104772
-2.33090118990249 0.753290394271929 0.136813354036514 -0.39232817283835 0.39618008574462 0.192767910634013 0.742660791670129 -0.757751603386152 -0.117085874906295 0.151356870622532 0.05509454492621 -0.0527967310001715
-2.14377707423381 0.469631917042372 0.563063209911871 -0.47781436322113 -1.61737952861941 -0.222773544252633 -1.07981031074013 -0.583032065826623 -0.102246395547361 0.108540769279571 0.0260667434804851 -0.041693971945426
-1.1760503845905 0.648992632782059 0.847530344679918 -0.398625284696394 1.12351177923307 0.217855049557233 -0.453885938326522 -0.432788527692352 -0.0856270734198725 0.0671564682394573 -0.0108127937200795 -0.00969609252831186
-1.24620152511426 0.371698971269524 1.0442950341045 0.230370378848984 0.296105255809456 0.619019121687938 0.990396024635209 -0.564298956827751 -0.0727330000446289 0.0398285595152243 -0.0375485873481739 0.0260204171666191
-0.7149277480679 -0.00591517664816981 -0.0431605284748957 1.15688857197089 0.132003525542764 0.127427062899993 0.494345089708373 -1.81947957650538 -0.0340240466146897 -0.0171213948115297 -0.0139890687568526 -0.00600372362230977
0.334669298041472 0.440468762472365 0.556228389561113 0.147564399934761 0.0348096549955303 0.0341778819549132 -1.64103030022232 -0.65425200483919 0.0269963388987807 -0.0304569264407672 -0.0306170490101014 0.0157500564602778
0.774439250093256 0.143046619042837 -0.0452284229152039 0.0326192005000458 0.539643115220215 0.349181657288081 -0.193036912945899 0.51177089251694 0.0418099158901094 -0.0195837277807384 -0.0587801975324969 0.0618805034794136
0.470492135594855 0.608117634889081 -1.50461964910223 -0.503383801815808 -0.119135440917918 -0.222872922046112 1.49204661275251 -0.299866130588838 0.0312805705577874 -0.0278789159426748 -0.0366205406512859 0.024604331640813
0.284176614323857 0.44782782529287 -0.822478307930551 -0.855763062555639 -2.37482619627955 -0.883004753647604 -0.869324288036297 0.43394264880061 0.00686727104403093 -0.0363968212636376 -0.0122284024081629 -0.0080688167944857
-0.0228404890221176 0.762881256167043 -0.737212822212448 -1.02053346672716 0.283789330584273 -1.10726700353844 0.3202484905634 1.07572288958043 -0.00763025460506275 -0.0343693201524986 -0.0367622045224595 0.0248196733144274
-0.475837997282942 0.758592359292406 -1.08771372918257 -0.681917377691665 -0.625401318302977 -0.726262985974455 1.93420487553834 0.576688401235768 -0.0178739421737608 -0.0297532689592582 -0.0422078534255593 0.033321514002149
-0.6942839646991 0.865438476595136 -0.309267444861427 -0.37055405980929 -1.93267084238965 -1.99455062242587 -0.764997067185824 -0.0627528785950716 -0.0263396191792355 -0.0239489397278996 -0.0309182059748316 0.0161815780263704
-0.556233683511807 1.33803352153765 0.231394839646837 -0.449693940073402 0.41396446005223 -1.01044736263198 0.129646159019292 0.795677411929598 -0.0201837357141998 -0.0283482047602658 -0.0402349093880644 0.0301908861717477
-0.871158799941627 1.25742703273899 -0.714232476373572 -0.157321190322859 -0.197429498106167 -0.926774315247036 1.63160881971771 -0.139201073861614 -0.0403868222628307 -0.0103454404980136 -0.032581934171433 0.0185895630710396
-0.66498671779831 1.3705456226166 0.523509046013062 -0.426356088334682 -0.924271430400692 -1.43423683140297 -1.2282937342187 0.0145045645147507 -0.0450198016601253 -0.00477171759049816 -0.010825690321144 -0.00968140074223202
-0.410808249468631 1.09456981760593 1.15006890159913 0.354768930393088 0.865006324112523 -0.377725703840187 -0.0840642664940361 0.136412799251705 -0.0270857291310284 -0.0233510524451562 -0.0278581537314048 0.0118590370709062
-0.438652221945253 0.715496419412291 0.290941401229425 1.33346664416695 0.919240781220803 -0.759979643827586 0.422750297151409 -1.13413488569597 -0.00489607477140299 -0.0351556976012473 -0.0217599405836541 0.00365598426000921
-0.039962733815939 0.114204246403642 0.0703286661005047 1.76289344338237 -0.28999995651443 -0.273966053394553 0.459537846666901 -1.27964330844792 0.0255842066813366 -0.0312056281714296 -0.0138174147932365 -0.00620706509228544
1.23498914410424 0.480983331305542 0.798875332841389 0.863891602372916 -0.81518146290143 -0.45200034598736 -1.20889904220123 -0.850921929566683 0.0599071486486029 0.0011808985830421 -0.00360068892617798 -0.0175285459587746
1.29218234398154 -0.20322145827183 0.42667184130157 1.13946755688758 1.17475001852283 -0.418711843593642 -1.12850024479029 0.109040215793824 0.0733418648406514 0.0219168818164107 -0.0069528725192997 -0.0139832700071611
1.86790007515387 -0.254045413894163 -0.00561004466926866 1.56886523851273 1.54942336427078 -0.390200870992283 -0.510513602298864 -0.720979778573532 0.114944876078903 0.11489076237353 0.0445617896412836 -0.0502020428862711
2.20645381533817 -0.498331870284171 0.136187181269962 1.47175503953245 0.146410740569907 0.220282188249247 0.803823099866597 -0.143088390408507 0.141446869150789 0.196788517887852 0.0685556924241206 -0.0537353103256093
1.64730727569619 -1.29055970562799 -0.908964079733176 1.57437743302852 -0.451835891483452 -0.128907973440711 0.839518150283624 0.151585842448065 0.116380969890608 0.118876494439031 0.0724689514825796 -0.0535076826955497
2.58834635509225 -0.168886578286358 0.3433943183362 -0.03868796674816 0.0502374940645141 -0.653593948755622 -1.75445521756059 0.13117151029106 0.120137694563419 0.129547939363385 0.0755306678483872 -0.0531723903479641
2.08865480987886 -0.653094965538272 0.373115473758029 0.360684703008505 0.851386357679889 0.376744645215363 -0.104031520857667 1.79584906351795 0.0968011445818341 0.0689969652976951 0.0510798668178328 -0.0520003594985797
1.60795763506815 -0.324681126863283 -0.492657558223151 0.943500698476301 1.56356131452128 -0.118407141226076 -0.0365913665722476 -0.757715448578795 0.0944582432091652 0.0636735970708593 0.0318628208134444 -0.044902079170348
1.88130159725753 0.0422412122834147 0.283343937338018 0.942819626588313 0.352334778541035 0.427954665846423 1.22826434989571 -0.138071931388449 0.10729463903685 0.0945314510132036 0.0546085907367211 -0.0527129573764245
1.48688944344244 -0.679190508202207 -0.226683712265387 1.55386675279785 -0.313741361370482 0.665075092032116 0.0745475889229251 -1.01831014081063 0.0988980366856421 0.0738783086194859 0.0578734344888037 -0.0532089997733725
2.15002654921309 0.142437557763108 -0.447850512132108 0.936035389262612 -0.207206428959122 -0.32092305722833 -2.25070038805358 -0.617233307949555 0.12308101278189 0.138156507695785 0.0789304217283274 -0.0526383765511261
2.73295886606461 -0.303458649600063 0.338790206410585 1.18320072317192 0.736671984329558 0.658733961401791 -1.11776474932093 0.690879896622437 0.138828133529341 0.187910363452509 0.08082245018119 -0.0522674875687819
2.63093325130406 -0.464996594491318 -1.01327849409636 1.01468038157796 1.68575702751756 0.21441418784583 -1.4738102875692 -0.493433946420607 0.163667714436616 0.279055702038012 0.113621705975561 -0.0374622176778593
3.07133992222564 -0.547378951037147 -0.730423491810883 0.749564489352883 1.30293372173689 1.1136757409409 -0.336143712381255 -0.105557005283359 0.183259125673103 0.361877475622348 0.161848314779877 0.0130707546701187
2.68672665937573 -1.22670787272799 -1.35859563735754 -0.20486042432643 -0.19759083334488 1.34494043449313 1.17410667312026 1.63834086586466 0.142160454468439 0.199237615251643 0.165370955160928 0.0181037297391404
1.54763424299399 -1.70707015563481 -1.28360279901078 -0.274200234350699 -1.27644496950747 0.135794175999606 -0.530576388477546 -0.0823628686301412 0.0818213941221527 0.0373388206417908 0.11182382290538 -0.0386840449150549
1.70365493938819 -0.766398145209347 0.0351434131928181 -1.91831055194858 0.508211321989516 0.0558429735891675 -0.311817309189782 2.20538573483794 0.0490947462669477 -0.0122145492269943 0.0700750240284404 -0.0536737066678053
0.554078067267001 -0.607950962310954 -0.521948911550241 -1.27394848194781 1.22509426548657 -0.098093160060279 0.637726068574886 1.72963190808238 0.00802007559143955 -0.03633142145513 0.0107003500799004 -0.0307949939158066
0.233466939115533 -0.0813079500299222 -0.0196761277442958 -1.00276314659488 0.159746231344769 -0.107691287937702 2.15156773592532 0.841134607494289 0.00115434738302314 -0.0362282395773528 0.00708131891113533 -0.0277223432485794
-0.226825058879824 -0.54139798214982 0.558447936422586 0.370539056610895 -0.404375715265604 0.000109348995275422 1.27309993845078 0.0536277331031562 -0.0194442119073929 -0.0288126488607904 -0.0240212332364773 0.00663391026331904
-0.0994621733306833 0.293601737856863 0.351267571189429 -0.178437178902867 -0.0370217458168288 -1.3677191502087 -1.3247619314046 -0.513924165482392 -0.0222613517823188 -0.0269698785724036 -0.0289423870114214 0.0133748243870782
0.311603534255246 0.511437202987382 0.901335107824681 -0.0251340711876292 1.05482056168118 -0.405260720290279 -0.123269782015959 0.278535723458634 -0.00360029657020305 -0.0354627840865673 -0.0484655381420147 0.0436302089745604
-0.040935478672777 -0.152223772447192 0.00499363811477946 0.176379561045818 0.652836029525545 -0.27557844172652 0.94287160820917 0.738111353285924 -0.00983877403289752 -0.0335970122730108 -0.0700667274460034 0.0836450169399462
-0.0777983284822057 -0.421779978239834 -0.286420027411725 -0.0594973562343959 -0.744095438206974 -1.00975183156972 1.84175593109604 -0.454795791580581 -0.0103878805081042 -0.0333859724364909 -0.0339420036161487 0.0205883225511204
0.294482771292772 0.384523947041913 0.806141778857124 -1.55753856421405 -0.660261486722761 -1.39290742145936 -0.0686842538704086 1.1170327951903 -0.0280579783410703 -0.0225509656732388 -0.0117480494178501 -0.0086243008997386
-0.58844612214635 -0.0158198025790636 0.130647761308236 -0.327843884592891 1.17898570553924 -0.680793951951327 0.423523339422427 0.185999836344605 -0.0500645076034432 0.00191057218219629 -0.058510175663743 0.0613827738388866
-0.647773408857374 0.344955165963172 0.462694270490756 0.459023795266399 -0.337671852439889 -0.525190741748833 1.38453450834281 -1.20613287339874 -0.04687027408 -0.00239480092199268 -0.0460947438703111 0.0396568119491917
-0.479809295537202 0.458083886505969 1.14953585434545 -0.114291105382021 -0.0581593608600195 -1.03616450331941 -1.0424703139268 0.311545268017374 -0.0437996157410423 -0.00629197347437723 -0.0462272424395141 0.0398766934584826
-0.488854357373966 0.76555769661524 0.330881474945477 0.97755709420311 1.5307432970896 -0.518717218437761 0.171094185072772 -1.1162571552282 -0.0267192841628258 -0.0236464467819584 -0.0353247883450733 0.0226483831446097
-0.418306106722821 0.403093036903689 0.428841895421153 0.914497809563322 -1.27339906110544 0.0765889857203961 -0.119635065078723 -1.40605833469883 -0.023071296576746 -0.0264031702399661 -0.023608422505297 0.00608465739071769
0.161686108467118 0.462953570756147 1.40220706932032 0.314456809781703 0.357332773307031 0.67247513405615 -0.859997410386635 0.282366739748983 -0.0030917912086766 -0.0355717702825239 -0.045937198219658 0.0393957011463001
0.260534843683611 -0.0881444596438084 0.160025796156834 1.09627109299863 1.32251650421579 0.645265776064303 -0.608518610763098 -0.780111453620758 0.0364395703580121 -0.0241625806716708 -0.0362319450562332 0.0240151485885455
1.1052899752323 -0.456626045773587 -0.137574673252269 0.620690996090505 0.0835569370726888 0.91352075078581 0.991841460635106 -0.778405881542385 0.0643562709460274 0.00754579225501943 -0.0195388159764243 0.000804242456525514
0.974579734753801 -1.68504413156487 0.00556055598491043 0.35128276851482 -1.92049699205665 0.490855142904308 -0.27130674853953 -0.10280412722117 0.0354537434471882 -0.0249244065571706 0.00355896209874292 -0.0245466086892982
0.56479532810143 -1.24533539098619 -0.181934062515252 -0.458524959365214 1.65682279877283 -0.638658230096464 -0.690364683291777 0.191546102398809 0.0145602467757497 -0.035328408287674 -0.0339931629735231 0.02066403784399
0.603086531176474 -0.985705045777285 0.19528829374645 -0.572506867148856 -0.192655690649191 0.380336744475203 2.07837000569932 0.996172613446937 -0.00094212677983591 -0.0359607251460022 -0.0222272864660197 0.0042652667597982
-0.272860301937492 -1.19399027719389 0.194082679930173 0.137384681506065 -1.34142146423575 -0.49262307190447 0.167219641336349 -0.676449770629465 -0.034252164730994 -0.0168960415084071 -0.0220672213622532 0.00405622657476768
0.343236034346581 -0.240561225673765 1.08465249441006 -0.66651285059884 1.1006136983072 -0.83584950507576 -0.242331647268994 0.521955876038909 -0.0229483968259149 -0.0264902222870413 -0.0478714160621052 0.042626703944638
-0.270730401129806 -0.702391323946904 0.850499816552742 0.485392467536004 0.711730966762938 0.120461107661531 0.78683421164695 1.03469989627025 -0.0276250759850185 -0.022910143997964 -0.0520421030920022 0.0497810272273607
-0.580567403866707 -0.925792689254111 -0.0648563307502066 0.744351228264934 -0.406691732925099 0.461834245056319 0.846163802009568 -0.800476764059475 -0.0259766811458396 -0.024234720296706 -0.0406518526228638 0.0308477077273632
0.294086090868752 0.0981242203462695 1.1494337619609 -0.558712440503431 -0.0130824771214911 -0.265403894332623 -1.03765111601586 -0.043944123080695 -0.00631903382280685 -0.0347698766926475 -0.056631406721581 0.0579493677073211
-0.0965537887348581 -0.294893269494237 0.358128684655684 0.628745420530622 1.09764884801718 0.285064771436845 -0.585099011855035 -0.264604128240912 -0.010110071164295 -0.0334936904869824 -0.0630634706831232 0.0699193964125817
0.797496371197518 0.130528766547795 0.247408367616699 0.987218938909355 0.397896489289052 0.549157727745918 0.148934279379922 -1.63514853509895 0.0495117815448526 -0.0117523402132003 -0.0391727037939891 0.0285291313290232
0.728467667759081 -0.358949107597195 -0.772873531349667 0.675202178682556 -0.877971539409801 1.00310138196325 1.08592449605048 -0.426544538387271 0.0653662626195732 0.00905993829511391 -0.024612005030199 0.00742430812486575
0.952627390486708 -0.108839452246016 -0.794769976575813 -0.377945344438054 -1.82356470635525 -0.553208732154309 -1.66069156069053 -0.458751654946894 0.0573127705701178 -0.00230107459058143 -0.000948516584470492 -0.0202162674279364
1.06122535913523 0.673273772460679 -0.785546118708088 -1.03605981789375 0.443966016192486 -1.11790528746388 0.433297080169243 0.080013084772605 0.0508980051958165 -0.0101845604490833 -0.0418735858372659 0.0327870728845926
0.233259255628062 0.548563572660092 -1.01227641178585 -0.203556212354921 -0.648825759575063 -0.48962742494176 1.84778303264841 1.30318415829707 0.0245418043343471 -0.0317261634121134 -0.0205139728499633 0.00204732015008976
-0.551756892911088 -0.3118616175794 -0.820497344607334 -0.215416103463866 -2.46274286275527 -0.840340595826393 -1.15753331005355 0.752723427107314 -0.00811032607236804 -0.0342118644141904 -0.0200385720005807 0.00143955577483266
-0.154796951427214 0.620128201790436 0.1721311990751 -0.306772511216201 1.05540466423546 -0.68814799430235 -0.208814101537504 0.166739078277477 -0.00201349153331896 -0.0357813861413241 -0.0591111550677907 0.0624920195542873
-0.246375257693477 0.0941687078594962 0.153398204590678 0.178598359765068 -0.106003355231739 0.169001468969555 1.37647417904764 0.544810870876585 -0.0136937529581792 -0.0319553387226957 -0.0732580004275852 0.0901390443798767
-0.617010616500739 -0.68554897558608 -0.311509438898217 0.732269329982662 -1.37358586665671 -0.598115119652794 -0.501373460849676 -0.847728449640241 -0.020466497184087 -0.0281669908093524 -0.0586522244014072 0.0616444775866854
0.116077465318582 0.348123644457636 0.61895798703425 -0.0132482523408817 1.15340288494565 -0.464332177968357 -0.364436555806605 0.0416486515683486 0.00421555345997028 -0.0364205348884409 -0.0865579539194418 0.118818073056678
-0.250293232949271 -0.151861609595097 -0.138312843731995 -0.124553205706702 0.379434816386752 0.17449378129495 1.29517331376336 0.375730385640744 -0.0137636313567038 -0.031922135455938 -0.0805645979740281 0.10557210014655
-0.535974157346132 -0.680965046170282 0.0151799694218634 0.119198757397263 -1.57389613657582 -0.103878023652076 -0.545899995835679 -1.31935100768405 -0.0353571999608569 -0.0157858948936183 -0.0373740116583904 0.0257530678066978
0.227664240342017 -0.381786611293556 1.53081933994205 -0.114059498923909 0.400411080614124 0.403707377783962 -0.881384031835218 0.364265184486912 -0.0189831811208317 -0.0290952382490855 -0.0532462845835471 0.0518943018683452
0.0774127289541159 -0.731450378753504 0.614329591763448 0.602198138544862 1.22863407168452 0.0362275184745055 -0.434249635424634 -0.436406053582643 0.0028973147356171 -0.0363665878544726 -0.0676212241598573 0.0787700508982464
0.777175033255922 -0.684708486750393 -0.184077911210785 0.00609219632223153 0.192356710526838 -0.525083614933565 1.59005691363018 -0.741072696057039 0.0251317605513457 -0.0314349149978441 -0.0439694868935026 0.0361652663149085
0.741331750964174 -1.22201488085868 0.462928052191012 -0.895564601702417 -1.5384189701621 -0.543295093484308 -0.502126992256451 1.23663153711254 -0.00238500907474672 -0.0357124633315228 -0.00562492727656769 -0.0154074944986428
-0.110655879197154 -1.2099892395262 -0.0939946119726558 -0.971046428796808 1.46484260364483 -0.807718192227556 0.197972762784135 1.09850719521947 -0.0308211508846283 -0.0201474369158612 -0.0311713343261948 0.0165453131792954
-0.215662341774814 -0.77984110873571 0.23903243210574 -1.25635056802813 -0.131625445742534 -0.232978347423248 2.16707435376833 0.668513778552922 -0.0515925423256613 0.00406078292923743 -0.0165249542081808 -0.00294917014998252
-1.05121670678772 -1.0821236971653 0.857073884164964 -0.565865372918952 -1.7875806295856 -0.909026967493576 -0.241245008810798 0.609560245325207 -0.0800418456017604 0.0548062890862732 -0.0011150947738405 -0.0200505042610042
-0.760681869395717 -0.0176814787481242 0.978640837886234 -0.165935232622784 1.60124928136138 -0.644974100625198 0.115616848908361 -0.337188674977885 -0.0633403226264157 0.0225509724709469 -0.0256041164671232 0.00876322092291589
-0.759593896004157 -0.194497016748184 0.616368476971697 0.108915134188388 -0.215516629922881 0.318837978815591 1.37130256719351 -0.338939806245663 -0.0351625555341829 -0.0159836654826225 -0.0504241312839005 0.0469751841605793
-0.938235973030063 -0.396866047213335 0.0288340589495891 0.247602620026884 -1.79146903268232 -0.767868433598809 -0.648537301138572 -1.11358410341221 -0.0304241347582685 -0.0205045787263921 -0.0362047190440601 0.0239739522357856
0.023731038085961 0.425589903181424 0.372727853630307 -0.668142716288269 0.466505587008849 -0.192707055478036 -0.0867576254675462 -0.102744028066994 -0.0070086254268713 -0.0345646022105042 -0.0708069255154286 0.0851379156301774
-0.519215705325509 0.165815905295281 -0.69590485253977 -0.962777551689425 -0.500982822872788 -0.0355043258223722 1.78719000792687 0.216145878572749 -0.0283408908352439 -0.0223136899240405 -0.0474358570727365 0.0418943220592059
-0.730107963507414 0.688032155834474 0.0506210795126117 -1.3005748151308 -2.41365778066832 -1.0084839281837 -0.410543001757963 -1.12678289652107 -0.0489428565134307 0.00036954526872323 -0.0165626766000711 -0.0029030177198319
-0.621758788343957 1.90889838699376 0.837472548569757 -1.64126695316372 0.0498736159285719 -0.935895479058052 0.662738289027068 0.503342544656963 -0.0535061357950385 0.00683626661366006 0.007399822881787 -0.0280004994554387
-1.53535083145834 1.53241605370974 -0.0417668580659064 -0.729433381619293 -0.092988440422927 -0.170382725137192 1.71165958255976 0.236468244446125 -0.0747824189066664 0.0438929616714266 0.00442950655119424 -0.0253484791124764
-1.50382703150634 1.03710923819965 0.0040533473638099 -0.0476184528077838 -2.02918871028191 -0.591964519718127 -0.071825346816475 -1.15683074315824 -0.0653647565715964 0.0260875010546558 -0.000139048405100133 -0.021015959312639
-1.00409612968998 1.65610332783092 0.596812778900919 -0.953060138686193 0.0974254031059762 -0.508636833353485 0.0943736581987921 0.632590978074271 -0.052290986440649 0.00506314846088767 0.00404178457659019 -0.0249927210787133
-1.56210310799354 1.12368918279703 -0.0460561863331069 0.0856781596805256 0.13786897032075 0.0441988824921728 0.569386141463542 0.196327362792829 -0.07248718891929 0.039348154315868 -0.00231389267219764 -0.0188455231677684
-1.50100264309514 1.30576686189785 0.158845597946924 0.506449285645331 -1.0508586857975 -0.27768278704919 0.607614688464589 -1.75608864674756 -0.0665218064228773 0.0281550155697925 0.0224358134976482 -0.0394323067963399
-0.959842548879895 1.10437180747309 1.00707888362504 -0.223157257992785 -0.460011962499603 -0.212349026318469 -1.30704311681806 0.2568209759534 -0.0559597484629618 0.0105295920288881 0.0105784222421439 -0.0306946127381708
-0.873838146345916 0.977078841438642 0.48137851732183 0.259086147357507 1.13962653751287 -0.430168925861454 -0.200971255433412 -0.814009047662367 -0.0432202675714779 -0.0070007003469033 -0.0070678460984101 -0.0138587393897049
-0.339909019499708 0.913536489231244 0.73501239674992 -0.274092299696643 -0.453380994661622 0.746694668257063 1.35860995432497 -0.600542438710754 -0.0261937208807627 -0.0240642190696743 -0.0162382869119765 -0.00329921610797431
-0.7587303724746 -0.26386770342779 0.307632132566287 0.977282132731793 -1.06056624256468 0.733386552814282 0.49764961399307 -1.12847415975919 -0.0319346609481115 -0.019124634942797 -0.0156793973947072 -0.00397819069961068
0.0158102320234856 0.628704030887795 0.484162630043284 -0.350761725037878 0.176802774308646 -0.397661498159585 -1.53512214090377 -0.770319584344126 0.00995350135122667 -0.0361467852030769 -0.0169820311768738 -0.00238853664113769
-0.0160267032114647 0.71623729367543 -0.204278935683588 -0.395757267225962 0.381409348625892 0.389717473429851 -0.121468801693619 0.208192981391597 0.0144998532277758 -0.0353425859082298 -0.0449204192817025 0.0377193155858219
-0.301490765744942 0.848453392159191 -1.09777022622449 -0.894535518216363 -0.811498701639858 0.0863765579645779 1.5663518399951 -0.23906187696761 -0.0169937965860704 -0.0302534017370084 -0.00339471848815855 -0.0177409859940542
-0.298756684990516 1.51136931464745 0.479600393328515 -1.87203187341256 -1.49262200740896 -0.196804768477758 -0.80340357717937 0.85970024946495 -0.042871714281136 -0.00742302926534836 0.0367189576834094 -0.0472091574929135
-1.1881988302619 1.15298026481817 0.195485799051102 -1.12247784629778 0.474535787634794 0.290334676010425 -0.303615585823781 0.861780272240076 -0.0679279800855269 0.0307129593774813 0.0261196211612372 -0.0417254749916381
-1.56157238189364 0.748866917899376 -0.187269752558006 -0.189180355543384 0.30866894436235 0.914404833761891 0.401991500844846 -0.638139721788066 -0.0567005941301963 0.0116744841873367 0.0102375754384299 -0.0304128380944612
-1.10804561461715 -0.218714573390264 0.655229360984412 0.478839684428099 -0.815798220983381 2.09130771603704 0.80312748081543 0.273523376857454 -0.0269055650620181 -0.023496705758379 -0.0131460986955493 -0.00699814126701611
-0.778506647590501 -0.663577081336598 -0.499411877300216 0.71474212492345 -0.598032804959576 0.829651225308863 -0.317690244123735 -1.92489634325205 -0.00319163587772497 -0.035550883437988 -0.00656748707212601 -0.0143992707153882
0.44028238879865 -0.247616967391209 0.735607165828631 -0.477826695059131 0.444955500922496 0.846043907652122 -1.7369829611404 0.67576383613279 0.0176989207072616 -0.0344654702833118 -0.0107894416840255 -0.00972268889726248
-0.17400832223633 -1.15482497414662 0.304798956517905 -0.520565305177283 0.705679723911338 1.09992506066066 -0.446820598318096 1.75721966216937 -0.00995765944725892 -0.0335519631175089 -0.0257813698006466 0.0090039604795973
-0.679134244059302 -1.33779815032595 -0.606859510255801 -0.194834544135747 0.972029935817747 0.547516781337227 0.362109200631679 0.606602539694542 -0.0316604132211007 -0.0193794331600673 -0.0332734837339781 0.0196024619248295
-0.491894136285943 -0.94789415196336 0.181776922534005 -0.619320830915115 -1.4385583080777 0.820267310466537 0.432526149136742 -0.120140616929725 -0.0502066921873586 0.00210817554726031 -0.0151297166925455 -0.00464149232709843
-1.17528815757504 -0.84993063634842 0.61130944663819 -0.528383611956363 0.0376772775541874 0.36297141992557 -1.5852937498659 1.48475391408466 -0.079391328231783 0.0534188035890872 0.0102798896320847 -0.0304479118007943
-0.906615318908579 -0.404186165637769 0.552564833130559 0.406095320452679 1.79712623557108 0.602698889212695 -0.899772122814814 -0.0933855862106692 -0.0478938542411071 -0.0010430685765349 -0.0107829994155205 -0.00973002478676049
-0.762393527412232 -0.595291609032259 0.694068111250442 0.627069314855522 0.474782589450765 1.44688667152219 0.27134960793865 0.251151777424089 -0.0306415628948504 -0.0203094784577221 -0.0445588059930544 0.0371267849514205
-0.985508172700775 -0.876430044858064 -0.533230932530617 0.872041969847612 0.406974992364033 0.879835335281851 0.329735810526219 -0.487815494044335 -0.0393809322265235 -0.0114843336206595 -0.0262488870738172 0.00964114573949994
-0.107053522501366 -0.228758905013306 0.61780797634634 0.0891591684181363 -1.74424547563406 0.351470208963827 -1.58060186134943 -0.25186691656413 -0.0233984333630092 -0.026169604258909 -0.0203470589226634 0.00183355417243479
-0.567421186095569 -0.386009169333486 0.285009079627066 -0.102621134538922 0.808576054595553 0.435004883331137 -1.11265406485518 0.641086274350032 -0.0318468267797366 -0.0192064456224889 -0.019035383374816 0.00016797289436785
-0.0702769377043675 0.450579422064318 -0.137458254705191 -0.796344084613694 0.644898168561771 0.836921013201961 0.785720863872219 -0.798633508283943 -0.0144196966127686 -0.0316044185809862 -0.0480790788688567 0.0429768671571327
-0.705385460928093 0.0398904402183385 -0.298004749004809 0.0863020155327078 -0.881373161566578 0.61618116995165 0.960245227500072 -0.00163155049528238 -0.0381139734199722 -0.0128826446397533 -0.0286623963350449 0.0129817323255942
-0.470498592826801 0.834919324817671 0.851632408728007 -0.663741006056702 0.782529893886197 0.0933545671332195 -0.977381109459021 0.475756995034942 -0.0368387311095207 -0.0142493764224923 -0.0170164719840365 -0.00234616822629757
-0.645776563432751 0.446274762568819 0.33741134339933 0.338326693927585 0.990451616696067 1.08619357146745 -0.115287605348856 0.18890082069 -0.0236483230058566 -0.0259893792553767 -0.0360095378174297 0.0236789382315914
-0.335880677150678 0.684393578007929 -0.23893630943039 0.417596504031254 -0.135070342615853 1.45198606702726 0.53986932034778 -1.14369996445829 0.0086100988226761 -0.036285032312261 -0.0258446759882822 0.00909005292927507
0.31224906272225 0.806204631083242 0.245468505808088 -0.410383592994475 -1.15467848273039 1.31022856216338 -1.83468274317396 0.508293454953844 0.0207964152478478 -0.033371221003453 -0.0433903616301612 0.0352253607156345
-0.164807364279152 0.842571475799975 -0.857180960613182 0.142349081001338 1.28634328634053 0.487465068168234 -0.723028357171262 0.146450526421656 0.0200226652616011 -0.0336671475112673 -0.0601539763665478 0.0644294043004048
0.16535788232952 1.82731246752911 -0.858532070053696 -0.876586178884621 -0.305967664973881 1.97664060419469 0.92232264187847 -0.87985736872072 0.027363219331709 -0.0302542109091962 0.00190017638622617 -0.0229877944206553
-0.341130847811134 1.39799545621895 -0.105902110443608 -0.0906771392247989 -2.30911061100861 1.83113259906158 -1.83201353325808 0.44583827067745 0.000481034580739892 -0.0361543597605795 -0.0235164486379503 0.00596262608446028
-0.117213541086666 1.63488708502297 -0.296756683433233 0.271475896608424 1.11344125014579 1.5080181836942 -1.35140506817775 -0.584867753808744 0.0112221930132569 -0.0359746002852336 -0.0162352072144214 -0.00330297012081845
0.140323697560105 1.22942190254039 -0.0840070777331726 1.11709386947053 0.327542716943885 2.78938556185617 -0.62841984481771 -0.250028943158062 0.050200793229879 -0.0109791215800619 -0.0080377245076009 -0.0128004959441364
0.440466155586647 0.9925166132264 -1.26225527752988 1.18006390366646 -0.0558615614448485 2.34184194124604 -0.430603113965921 -1.1484488171063 0.0766462965569879 0.0277119358252174 0.0136591274514536 -0.0331638099302384
1.61031939858653 1.05711862888077 -0.567639073066619 0.184047676131056 -1.64418937559281 1.39810051127903 -2.03845905522971 -0.285732025937462 0.0895328937708084 0.0529322445943691 0.0370624554659902 -0.0473592009289671
0.968376490595987 0.659326112223588 -1.12962357982074 -0.197958816420368 0.584602697630108 1.4266977617123 -1.33695558435891 1.30319329967518 0.0688331826545708 0.0144523891579757 -0.0108575332579061 -0.00964511483583819
0.890626931042041 1.41373525969704 -1.21679874246947 -0.344264624856657 0.502898316235922 1.12892342866473 0.382534060656657 0.611229863823363 0.0667121474297163 0.0111174715890758 -0.0157061358472468 -0.00394581186319055
0.480882216001335 0.952084742320781 -1.10049584857903 -0.173342076452274 -1.21309242039309 2.08472762988646 1.47089336762909 2.44370545317056 0.0415102875404283 -0.0198582804771938 0.0105821092480971 -0.0306976513984263
-0.270953469070039 0.443593861246448 -1.58658817221471 0.850489171570872 -1.6370672828351 1.38774355530374 -0.546315248174914 -0.150386328031377 0.0242261129681423 -0.0318784220672985 -0.0218920397916205 0.00382787704679817
0.541327505646328 1.73365821417375 -0.641770152380224 -0.3856446784902 0.172706489052224 0.882762354192553 -2.03226870638688 0.621712119559867 0.0382867027186124 -0.0226694269848913 -0.0173921098002214 -0.00188293195093722
-0.183876589894377 1.00497178581299 -0.926973186733869 0.475650612510573 0.256187847038975 1.47904847246529 -0.887062200573973 2.26262003102177 0.016445357701066 -0.0348398040803686 -0.0315697718913197 0.0171197627488149
-0.667788867901067 0.910148477065836 -1.06832164841882 1.19774509502538 0.615251679179674 1.83415600539138 -0.579125034924914 0.485477985148684 0.0122437773566839 -0.0358065634839573 -0.0413506617725683 0.0319542993851825
0.372178651287509 0.646711697981283 -0.160479484442621 0.988000814624441 -0.524727524398774 1.94301001985877 0.407091167012324 0.464289145034039 0.0372152224712377 -0.0235460114366018 -0.0548719460877639 0.0547811149679656
-0.0518013272875702 -1.37814333162168 -1.02486403939904 1.68457771528857 -0.0664277395686579 1.10119570584543 -0.186993079366103 0.503142661615832 0.0469836445013041 -0.0144872883568378 0.0388736232727598 -0.0481216119383923
0.175792306925434 -4.26531642462173 -0.723485671571052 1.69423915866514 -0.704812833841527 0.599274495943806 -0.21202100016165 0.177141710760981 0.0547972964098095 -0.00551569470383716 0.201100714084944 0.0794763242453004
1.15242750350087 -2.5132487951344 -1.4465560488976 -1.04703635306887 0.186420288980672 -2.05993361499325 0.558266241098651 -2.39013199297082 0.0516459278899749 -0.00931863157585685 0.0699195148772443 -0.0536815732034769
0.431820469082206 -2.57674191458411 -0.763867539219598 -1.40991530769359 -1.01137600921446 -1.39946182607918 -1.20678650072667 0.347725339527923 0.00703764500257518 -0.0363892582251438 0.0502959642235986 -0.0518171713235637
0.158897548144475 -1.4073868828794 -0.242128275065199 -1.84141630420427 1.66716347031512 -1.23252047994204 -0.358848032021869 0.718401574444313 -0.0163036645825731 -0.030631949187986 -0.00164929776472363 -0.0195161593149838
-0.520622011302647 -1.97348672494125 0.169012900817447 -1.19768579346352 0.415931973471434 0.397172438627593 1.0446050583372 1.98471762169833 -0.0594671445114633 0.0160717545527874 0.0391693944019736 -0.0482415296026912
-1.56084688467393 -1.83937178231234 -0.339733874435281 -1.06064052981267 -0.744871197662358 -0.554799279132584 -0.156180957274655 -0.402292088399582 -0.100981136443943 0.105146088093117 0.0507441789700488 -0.0519230210123291
-1.37536627861058 -0.542469404956054 1.13687403848294 -1.08917146620918 1.24169685811031 -0.54392597804074 -0.489666691465816 0.0978365125622099 -0.100228325060244 0.103145383382916 0.0206328284953358 -0.0382371299815392
-1.97815376469863 -1.04019877940444 0.702963254530693 -0.0491262447880094 1.09668586899479 0.0243119784019054 0.248267245363237 -0.081366104408205 -0.107995322859483 0.124471607632815 0.0241890063332398 -0.0405485834897071
-1.86344345014039 -0.587138088894404 0.114246219251416 0.026924238843133 0.164030978506556 -0.515923176892749 0.219319220459442 -2.00504280630703 -0.0930933329895705 0.0848900353465903 0.0207237234996571 -0.0382985286988124
-1.54730088650793 -0.372375051352209 1.02796490727998 -0.881914341181274 0.622987939320662 -0.0629843163674963 -0.386307403369343 1.05844583375661 -0.0976105976534899 0.0962992225815423 0.0318333659111099 -0.0448870262999022
-2.26430285274225 -0.620505876228753 -0.0914471609705117 -0.849931453008256 0.592216261246058 0.0159096216262356 1.64494825392166 0.181070790665585 -0.127120005615469 0.183443198324399 0.0572911327501157 -0.0531320263246353
-2.03432204020943 0.219838926482274 1.21423980871701 -1.4639145835663 -0.207750969264501 -0.981602688215483 -1.09425443261629 -0.263457506934592 -0.137728645374548 0.220117382198031 0.0881785454239726 -0.0503247222406949
-2.39471978664437 -0.117085898650692 0.966090818472466 -0.265580264651309 1.35724677857589 -0.576987332401448 0.543217297144641 -0.14317755902426 -0.140658846205688 0.230745429460626 0.0787157195670963 -0.0526771344741616
-2.49956223805337 -0.388662007864247 0.808298350183152 0.947675590712019 -0.0719520878027479 -1.05405552550046 0.279740161859873 -1.68692383884907 -0.128953929800974 0.189580961922757 0.0864727032414831 -0.0508461886859492
-1.60911012199891 -0.0748489332098796 1.25027576665929 0.239631130455839 1.33060654911153 -0.33467514863512 -0.988992141180024 -0.142974607025079 -0.0846646535975756 0.0649724596924944 0.0533860965600272 -0.0524868376600369
-1.20493802897571 -0.0528675817752752 -0.202118528428186 0.919702220557742 1.24036731119815 -0.644631624192986 0.668295436702204 -2.05141002073407 -0.035628799961699 -0.0155083421411005 0.0301004762778341 -0.0439789562514834
-0.290282451571845 0.610351081042151 -0.155438325258923 0.638754162889447 -0.739863834615593 -1.85439804306347 -0.710283062689977 -1.95219233857694 0.0142672184381457 -0.0353963415706853 0.0147403283948528 -0.0339972731480083
0.0538472519608008 0.234544338994148 -0.36624129028251 0.986125955771553 0.900764645941226 -1.20028973594229 -1.0875941354247 -0.000515355606637843 0.0350202466931295 -0.0252516751618796 -0.0157327855355407 -0.00391353004243337
1.1360321267184 0.9663536101441 -1.11278219063551 0.711692426219657 1.2042126162702 -1.62350880771147 0.88509814450306 -1.33175254096517 0.0925511032009476 0.059442145371836 0.0385339074797849 -0.0479822881837984
0.980777036168184 0.392400220579924 -1.5797642508875 0.742885659342457 -1.17412665664833 -1.09853717289655 0.707357645926331 -0.463821876960412 0.0800291491698 0.0339286726670835 0.0317487870198291 -0.0448437314263618
0.585991653691 1.24597621744194 -2.46714611010775 -0.732695938423627 1.36858343866408 -2.17927119465355 -0.912638612980781 0.131487390038632 0.0570978828937501 -0.00258189743996294 0.0271620180839139 -0.0423381018245679
0.427492538028377 1.40237215674911 -2.10697574076974 -0.611681993755875 -0.435775975671002 -1.15983376407517 1.70655281055968 0.753900948877645 0.0205818677158958 -0.0334547833253385 0.0280238046932558 -0.0428325027821801
-0.266385951476499 0.782128574197894 -1.19492717005929 -0.369652084216857 -1.5771430729916 -2.13420598618473 -0.806758303923934 1.36446895485261 -0.017971859140277 -0.0296964258043561 -0.00024639622071138 -0.0209104627907891
-0.628300355402659 0.783343604744979 -1.43075037748993 0.0330444771122456 1.89422913171493 -2.17279894464061 -0.868027538448642 0.459125412950276 -0.0245163398986408 -0.0253511608794731 -0.0207619649457153 0.00236568000390526
-0.514757163779445 1.22460174486391 -1.26876241066044 0.0470989856291143 1.12530631254664 -1.20146798188166 0.745972702493382 -0.181218977340624 -0.0120090495993548 -0.0327187092257774 -0.0230908830074909 0.00539960509486818
-0.900334317613961 0.275339599476919 -1.55372455101207 1.15863683821923 0.387733535142616 -1.05516632857431 0.622331436562604 -0.174935943783796 -0.0273188611111657 -0.02316136704417 -0.0186283967867202 -0.000343674705574139
-0.144656700470618 0.89681540451799 -0.617474236628903 0.381855005978326 -0.173437881542288 -1.75443698214827 -1.69432265006437 -0.400509373458443 0.0116184853374827 -0.0359125281368735 0.0201740970167773 -0.037925405257475
0.109193159140703 1.2157747891228 -1.10100798867241 0.121788629372975 1.71037142929416 -1.56602224170195 -0.699675154043664 0.33741179312684 0.0270195292401837 -0.0304442130005662 0.00357841454224005 -0.0245646484692602
-0.399985415656353 0.94970632293734 -1.93931742273257 0.293759088211327 0.419255733611929 0.408300699318993 0.450676831973484 0.546438137426535 0.00128284820005734 -0.0362410452398804 0.00651364943348686 -0.0272228825834742
-0.301814357027938 -0.0796001513760552 -0.798379429332896 1.09819756187833 -1.20619387339677 0.252085629563545 -0.196623352267515 -0.500817705283113 0.0058425098875095 -0.0364269275310444 0.0140889484821945 -0.0334972061269498
0.409948410064228 -1.48368272505043 0.339708994434399 2.45719741400451 -1.46869239451611 -0.568606557013465 -0.905416498411492 2.15683098038737 0.0315363450949361 -0.027710419193042 0.038395741004827 -0.0479251375185565
0.714800427755956 -1.42225231312461 -0.80950447514093 1.23995928573979 1.85062508025692 -1.26752466671525 -1.65201368322798 0.577663400441984 0.0601301361625244 0.00148806638130247 0.0523713580736819 -0.0522824346252669
1.30185999004994 -1.12417774239995 -0.403725962224185 1.20615220408499 1.54270746103673 -1.62704065970502 -0.0918537067051362 0.929895508942923 0.0793852521578708 0.0327232175630589 0.0188686102126653 -0.0370213258576815
0.454060480891481 -1.75153172506155 -1.33348059308786 1.23139339008049 1.0493345841017 -1.61933962934138 0.750409738830315 1.5279951673035 0.0424603575794872 -0.0189799588159625 -0.000385929793030129 -0.0207730820055838
0.445891321435266 -1.3098530570837 -1.13962719973024 0.523202505521039 0.566970631583218 -1.45690651622153 1.41887863514672 0.418525060091774 0.021930227326453 -0.0329104190633419 -0.0208909700945289 0.00253164836433765
0.259020889047819 -1.64000895579425 -0.361719655939624 0.615402357087879 -0.711297643559119 -1.10663379250156 1.44518197975822 0.881091280210573 -0.0080560209385672 -0.0342299660515396 0.0123856425348935 -0.0321600479741943
-0.211879513741124 -0.89246166888683 -0.110749724974684 -0.00444741209788009 -0.0532318844133078 -2.30783510259095 -1.45190491110579 0.86052620708255 -0.0231587280818225 -0.0263410099828105 -0.0122520273230035 -0.00804140910728394
0.370197605293891 -0.11745146001948 0.379217380006919 -0.067964261486949 1.59827832004099 -1.30277350967964 -0.110378891076625 0.160510929107689 -0.00670210240841074 -0.0346573214791396 -0.0525946321617361 0.0507480360491998
-0.156627403126331 -0.845097930943926 0.230557317942225 0.515783924513294 0.769675170113688 -0.350671954356093 0.252131439498768 0.642423095550271 -0.00803850416957776 -0.034235789147952 -0.0501240860612296 0.0464590900360174
0.279632928440241 -0.136602101795322 -0.832058530587292 0.403971971436213 0.452772526667533 -0.770993630726945 0.92265376751902 -1.40848919360188 0.0223675467110912 -0.0327240540402858 -0.036589332164309 0.0245569316804912
0.911049160900349 -0.217631246823519 -0.351102082051895 0.475562805092572 -1.67202427969581 -0.4188094228633 0.879449337476707 -1.34469092059371 0.0377892796583675 -0.0230799585523042 -0.0121580911362656 -0.00815033754353117
0.579614065860992 -0.198513726933359 -0.252058708640053 -0.414945778326192 -0.646015268082807 -0.765338549094898 -1.44629460511907 0.570419205764313 0.0261419641066939 -0.030915895143671 -0.0180940901543562 -0.00101168193319924
0.828147015758183 0.236978115670613 -0.497211555439973 -0.569400023257007 1.25843638119888 -0.563805346953845 0.376591538576196 -0.408645916186927 0.0297766047008977 -0.0288364408545875 -0.0448391647844869 0.0375860062795163
0.291091860875433 -0.383766270282871 -0.389117183943833 -0.311908898090315 -0.555770003836253 0.430253208794921 1.932019039081 1.08256329531678 0.0131138761402128 -0.0356427693432873 -0.0244821801285874 0.00725017394771188
-0.068572522517201 -0.469278674310641 -0.399530451421447 -0.366372621717527 -1.69277683374933 -0.982675653008176 -1.16999764072704 -0.797936225917704 0.00213369619793231 -0.0363153691980666 -0.034174738225261 0.0209330783112664
0.714873201615024 0.807286839217643 0.640807951340801 -0.288490594040147 1.094058424698 -0.484657252003605 -0.10375777290629 -0.218576688095883 0.026679138838815 -0.0306294660588653 -0.0470112397609788 0.0411830269209334
0.0395669561754981 -0.103296512357479 0.340407925163423 0.600553231367372 0.220199268780279 0.216750191696676 1.02664573750362 0.410187356000122 0.0107550031384745 -0.0360427100714164 -0.0689424264486845 0.0813928551801391
0.44846519059091 -0.248584175285542 0.0604958129614331 0.699929243394487 -0.617194154740153 -0.110360545537148 0.650115240814096 -1.5328564627982 0.01457564218738 -0.0353247794987333 -0.0354930989212701 0.0229010524790375
1.07374643937163 0.342353175795838 1.28064816441009 -0.56566542554352 -0.0585167444789662 0.0803859305716367 -0.882281588475073 0.696530228200781 0.0219861736546454 -0.0328868453657961 -0.0325100035294339 0.0184846119438331
0.42772653441754 -0.304998796432761 0.364853750998181 -0.0135312463771183 0.933184136052427 0.251301597990823 -0.220667732654119 0.506547883260595 0.0128648146139215 -0.0356915974951742 -0.0705836419479733 0.0846867274549751
0.815287015859058 0.424075437707805 -0.201463577443971 -0.0700634157694297 0.402049762609222 0.0932424673461597 0.99588726270153 -1.14223997675442 0.0467006864295771 -0.0147834022267364 -0.0566393011844519 0.0579636859339168
0.8128935359967 0.185201505620892 0.130718626152177 0.143491894078068 -0.900485377710688 0.772121165452567 1.41589117767618 -0.334690570919561 0.0426933690809812 -0.0187610814300052 -0.0423761129286404 0.0335911568026245
0.430863565719441 -0.0736889702999768 0.0472189585450016 0.0493642873946091 -1.1225334843723 -0.267314847810634 -1.56384488213405 0.138235912343391 0.0330838787727154 -0.026655895961607 -0.0516257022088735 0.0490552330701662
1.19574373088035 0.500972076981085 0.245817379776325 -0.0470447886625565 1.02130864860443 0.116545249720708 -0.104398264787552 -0.566683625466629 0.059348519797466 0.000416865601686744 -0.0486715038839729 0.0439793095239688
0.88105596499768 -0.0990613432699483 -0.117197948259309 0.346693746424374 -0.482380927191461 0.972728383122264 1.08127592811693 0.591213221350264 0.0520177152854547 -0.0088829550562078 -0.0559024801144971 0.0566312634118441
0.623122483311834 -0.378631237095446 -0.322551359395449 0.31758506122775 -1.61642709495906 0.00185564808825874 -0.855190232535804 -1.20267983857558 0.048069359658396 -0.0133324287729515 -0.0272684187337708 0.0110418384491029
1.43558658849554 0.603558547370319 0.477329706818897 -0.415779130680745 0.802237391031993 -0.0161086139713626 -0.481272938574814 0.260113723789216 0.0634269765060502 0.00617526172164094 -0.0341901804996487 0.0209559815598309
0.855751686407718 0.0650943209353629 -0.303175339435862 0.179477026827287 0.829420183243196 0.314262495914803 0.130857674242031 0.323443066782607 0.0427298428376647 -0.018726696651659 -0.0652556617288899 0.0741382170822577
0.823281385557839 0.185461166978646 -0.275780317475123 0.340355976937158 0.123414687063465 0.477392366814762 0.905756066278528 -1.04450663066462 0.0401008514223798 -0.0211195050668316 -0.0352980036575843 0.0226082121989463
1.35521889430773 0.167522801672877 0.684775443902385 0.513516166965755 -1.63604525740929 0.641998233177514 0.120961724534107 -0.550951339151342 0.0503383533960908 -0.0108233214018814 -0.0186859735050675 -0.000271439598195014
0.997337076905482 0.535949955180264 0.208212749254317 -0.253493341054832 0.258783096340923 -0.0179807282740656 -1.28204089996858 0.483724685069729 0.0459610542424549 -0.0155479223944913 -0.0435448715567766 0.035475643467193
1.35894273446603 1.20042521921733 0.0902896858376385 -0.423905707325273 0.758134204055072 0.456617530268134 0.313834140379712 -0.264906668683012 0.0743636534150863 0.0236795179100934 -0.0218442828688448 0.00376570417409545
1.17675390710175 0.549636979158182 -0.421290236116533 -0.757525014025817 -0.95235102208584 0.991022429369637 1.96361215321216 1.52944282140864 0.0515276678632533 -0.00945648583694561 -0.00668172085728555 -0.0142761901321184
0.496302677875698 0.232624949211913 -0.309513179124889 -0.792236625391973 -1.98440695050551 -1.21893047967636 -0.924250183921123 0.176009164840376 0.0110659145043553 -0.0359979938380241 -0.0279965930069363 0.0120516150898073
0.57379484559125 0.543414051190769 0.760568610201132 -0.850862947018032 0.534992934538568 -0.0586862548234272 -0.039820676685292 1.34458722166699 -0.00629019832597649 -0.0347782000971707 -0.0466069561979125 0.0405082604985033
-0.346769643055343 -0.463892936907363 0.569803886397588 0.279106495519231 0.910548561397689 1.01712793340621 0.0488555405932912 0.490425403851816 -0.0245329784043051 -0.0253387423579933 -0.0658508206517187 0.0752957978998571
0.172587090664235 -0.304948468170133 1.18274767466507 0.894824453991405 0.513755344898267 1.00784977223871 0.448412406663274 -0.379499408119439 0.00241259764479455 -0.0363357742162008 -0.0491215883127125 0.0447443513027824
0.134231497585475 -1.14540812828415 0.364489419793113 1.37102636004359 0.843663244767887 0.176977572218123 0.31304002052554 -0.125217032814708 0.0278915554780581 -0.0299563438887303 -0.032931287509619 0.0191003739480811
1.19899844405986 -1.11655488759418 0.161778481469068 1.00049127548175 0.774940355290879 0.0395458499582839 0.424435489813056 -1.28924047397435 0.0586049194034797 -0.000587988514046861 0.0189443061768575 -0.0370744322789652
1.61366252234858 -2.02954089524157 0.626151418037865 0.901484309937399 -0.920474469242357 1.05130749684155 0.688209643954406 -0.0997224574795017 0.0492331277359851 -0.0120616624754735 0.0484852885983132 -0.0513594575788
1.09846447030436 -1.86355401726747 0.162762709680472 -0.702684869600171 -0.0627459180184541 -0.553993108333381 -1.74595984493753 0.815711803095626 0.0366822949489035 -0.0239712626529216 0.00220693484604552 -0.0232791181607739
1.35091558604629 -0.460451033566295 0.56837899144602 -1.47006500062437 0.897801848072356 0.537097427352624 0.252287297110593 0.562910440552534 0.0311389895313972 -0.0279714787103276 -0.0363884324651357 0.0242521451802061
0.670135451769127 -0.477926045522794 0.553287504697383 -0.922893909897743 -0.414818296705639 1.61790272902762 1.22120038079678 0.934329514458711 -0.00351056233697811 -0.035482488530168 -0.0370730051996821 0.0252931531171184
-0.081680188402587 -0.268612863939831 0.606863610848657 -0.286901043553299 -1.47149877227186 0.867845956478702 -0.622867560712172 -0.990561746043145 -0.0136031859707819 -0.0319981898105696 -0.0318767158393944 0.0175638946420383
0.625839182514404 0.306156395164408 1.44117918566022 -0.309109408149669 0.682003811700854 1.31975509323416 -0.705212995664175 0.230591160363691 0.00627983517941354 -0.0364173063405056 -0.0395211677728644 0.0290724508515416
0.0534070672221031 -0.376671633891171 0.491296180004378 1.08765279562627 1.03563122614898 1.05858785301708 0.058492076832957 -0.594865620620712 0.00938470152571928 -0.0362108536232085 -0.0516418246532165 0.0490832872737652
0.758722256569314 0.294780857092895 0.778354670376606 0.387184395816022 -0.51043331482018 0.634522044640045 0.962208226718708 -2.00521782991359 0.0309694073967459 -0.0280816852164323 -0.0198331937310351 0.00117802423895338
1.26603917431787 0.460203920403768 0.893483667387058 -0.147862918266277 -1.99109625462549 0.355224302666197 0.107799457022938 0.133499706265411 0.037502009996169 -0.023314215543947 -0.00864118475282322 -0.0121350658990759
0.717525178723423 0.706091337172406 0.365699507977588 -0.469287326611687 0.466063151669971 -0.164048366221457 -0.567139254572009 -0.176995205185463 0.0440401871260197 -0.0174692328615832 -0.042599309551705 0.0339494817507765
0.674257076432066 0.388923907417703 0.156945973502545 -0.554870878364083 -0.0735410762151891 1.04482239859895 0.567005721531772 0.727903135685357 0.0561403286023688 -0.0038191615491325 -0.0462139704122808 0.0398546568679806
0.711750641429704 0.0591558669549609 -0.377206024333019 -0.625644916915139 -0.77639422109755 1.30927128701126 1.11810431855148 -0.656853863014755 0.0399725327032841 -0.0212318516686414 -0.0408056099343547 0.031090571556595
1.18014938551835 0.611890593123064 0.744221246382567 -1.78398969629929 -1.47296136193792 0.551414456594619 -1.33463635023459 0.146086795063013 0.0239962905032534 -0.0319876911789384 -0.0123719586424963 -0.00790214789980886
-0.109265515292401 0.201922635491376 0.3084295844072 -1.263824881996 0.433059894432798 1.2717402594528 -0.0733777106144895 1.16207950345544 -0.0218347958374708 -0.0272617093876666 -0.0418990431228862 0.0328277171980208
-0.493163985035948 0.317244691803273 0.565145323204936 -1.12812315683932 -0.030959113489127 1.80060336252977 1.31381351030582 -0.252074543782605 -0.0451142903088316 -0.00465243180992459 -0.0454165683047892 0.0385354258512053
-0.693861572783608 -0.28792822535231 1.22927994297793 0.30792950180548 -1.21907764150482 1.4519523783641 0.606226216163082 -0.763081929078363 -0.0569686160247127 0.0120920777948011 -0.0416410040912546 0.0324161818483302
-0.515089994526627 0.407724845149754 1.42633004966596 -0.326488384139631 -0.164302856048535 0.0399222090042198 -1.40270200074584 -0.143238689548065 -0.0509278332440662 0.00311821337004485 -0.0323476469214176 0.0182480038998593
-0.742109088690501 0.318124459830008 1.15227570033136 -0.293835975411988 0.628565413827504 1.24658284111446 -0.38340778079561 -0.0330348239324574 -0.0513284199219703 0.00368492356549614 -0.0382412806310727 0.0270856462643572
-0.615631779410278 0.174673399300502 1.24361653901268 -0.257559564977887 -0.442872327413316 1.11671110299849 0.831443807240695 -0.730532149493766 -0.0427965423956903 -0.00751371211969125 -0.0301271716402565 0.0150509738091257
-0.443195714371815 0.0440588683126729 0.714713370091605 0.166251740860459 -0.212816365732998 1.21651357843321 0.713547080814635 -1.15484076633296 -0.0081966652981426 -0.0341829322609413 -0.042339524636498 0.0335324870912422
0.00670537560308198 -0.483025901392337 0.668073972982624 0.0612725161954832 -1.26107312268006 0.0516698599078551 -0.428096939170866 -2.01948191398671 0.0126108172830285 -0.0357397883249994 -0.0155675594479186 -0.00411350639178298
1.12204319396692 -0.217675753384133 1.61851172865118 -1.70992902505507 -0.441923159256725 0.748995904604942 -0.302707124704252 1.10767079096285 -0.00355511526684409 -0.0354727305842228 0.019718109800149 -0.0376124750773518
-0.419548566176929 -1.00697785132132 1.05767108810497 -1.0546699531777 0.882949833598045 0.591799248990553 0.363487026625158 1.46825715040588 -0.0505057637365074 0.00252547278286787 0.00882634750673572 -0.0292279893891326
-0.611379657565027 -0.714768677769724 1.29743152715443 -1.05618395401346 -0.0720349660644362 -0.00880728124938118 2.17837777362347 -0.0895335633297672 -0.0724902587198357 0.0393541444733575 0.0338720950517698 -0.0458987614214802
-0.700846998697892 0.0298739921099926 2.68789550043016 -1.23646295836463 -0.521986048243438 -0.200338735052153 -0.435220249662966 0.867560435837785 -0.0938721180402868 0.0868204302313321 0.0593774887352549 -0.0533847192470621
-1.38229595814866 0.0247183405838839 2.37688350330069 0.136455542438052 1.55210186190714 0.190734872501994 0.0740395301204759 -0.0415503512476496 -0.103302916618815 0.111406219871917 0.0360973628960756 -0.0469332225164036
-1.30037944135461 0.397940081351772 2.15687516399136 0.624210005036058 0.609246004681511 0.630242792386092 1.18468079260812 -1.69632380287506 -0.0835399294117983 0.0624496219458419 0.0399645355829076 -0.0485575270634584
-0.447134354183947 0.717629140034667 2.9900779557557 0.705949257673367 -0.866648920023183 0.497547974243876 -0.705010930268239 -1.34214685025144 -0.0537426968765767 0.00718576478377656 0.0368221819316312 -0.0472544294961919
0.0202104385402872 0.0883565581928684 1.95156404074154 1.34363486244437 1.57568908182282 -0.225665729396437 -0.350968449957967 -0.863707652830548 -0.0020755346061037 -0.035770117277331 0.0122269369906223 -0.0320332829868619
1.41288060002497 0.272078369158719 1.40176295116577 1.37930273743559 1.11873374923608 -1.06633667627005 0.325505705197379 -1.44538520615528 0.0862453753494372 0.0461018683361695 0.0319030270724744 -0.0449226058838301
1.66501338738624 -0.255917096746311 0.20684779935403 0.779142822919663 -0.556307836793563 -0.166152949426541 1.33122549753075 -0.530195545692534 0.103734503039379 0.0855582962379599 0.0309316292733984 -0.0444200145764481
1.9242937896203 -0.692239247054769 -0.99838175773098 0.129968355157822 -1.15115060705306 -0.0345043135748279 1.1920789266802 -1.13824217233838 0.0985840733742791 0.0731404039144295 0.0471306585782583 -0.0509854631367697
2.16510410993035 -0.207932577132188 0.0972888711218135 -1.04065900101421 -1.13400279355505 -1.12623790261765 -1.44585603351073 0.334720588428054 0.0818420956418184 0.0373786813465352 0.0381528063739963 -0.0478239694413548
1.7369124939022 0.293025764224649 0.834333955215215 -1.31247076227213 -0.0568059110333733 -0.0158626175226121 0.592074535305353 1.00915599574274 0.0509620275486676 -0.0101109867192645 0.0169335776875582 -0.0356351143270774
0.626626594616142 0.260099392254717 0.407379048617358 -0.341581882282753 0.303984241826174 -0.142921191000947 0.697643454325827 0.0157931813548305 0.0197285884876519 -0.0337756749686001 -0.035825632371536 0.0234014806118454
0.230708531415981 -0.264776611398255 0.00342147708541842 0.62042181690143 -0.186916195320552 -0.289174687175512 1.31371291600901 0.101631739872019 0.0159920828235181 -0.0349654411810687 -0.0325807831138339 0.0185878830091515
0.295385446162304 -0.643728651934511 0.878294870967268 1.38170136240125 -1.26525864854482 -1.51219729430876 0.620850755774524 -1.23604766606549 0.0124128382812545 -0.0357762268415279 0.0001154898755826 -0.0212654298373245
1.35268163665168 0.484259957425772 1.19869965582668 0.161374336802607 -0.745138184899219 -2.85918331915284 0.349961806123666 -1.10323095491389 0.0309429269576261 -0.0280988288709687 -0.0155264825608503 -0.00416316016823039
1.05384801457474 -0.905001458132342 1.8257607972222 0.766023399000803 -0.766160016336879 -1.05338914655991 -0.493076365631966 1.23534348844374 0.0400791030439742 -0.0211385754889011 -0.00782715922013294 -0.0130314226244792
1.10357454493122 -1.00970709224684 0.588947098661905 0.187760859587908 1.57782542943568 -1.0934141062845 -0.25358120580502 -0.464013093909856 0.0801314193342018 0.0341210936369767 -0.0122021973400829 -0.00809920815170525
1.70763306072362 0.125875296231422 0.18755604165895 -1.3943033940328 -0.110980525737247 -0.595158351382399 2.41676472085779 -0.349102220499986 0.0740200459370167 0.0230838508787398 0.00766152722791743 -0.0282279336375811
0.86285311624199 -0.599501179380724 0.307029509951189 -0.955733771569295 -2.46949032995993 -0.810789616122683 0.503651816397427 0.205376313013526 0.015535402966054 -0.0350868022703164 -0.00933660112830231 -0.011361587761709
0.402174486929692 -0.134007920074193 0.726791961655761 -1.89888666107114 -0.188413077162472 -0.6114505208906 -0.524308163894026 0.782622493972599 -0.00764761854798937 -0.0343637259776413 -0.0300512533241278 0.0149429502749996
0.227202697232269 0.31675707742152 1.50398064469037 -1.38482127983734 0.386144007697136 0.171405825731592 0.606655269980766 -0.603905918841528 0.000472010466914641 -0.0361532922383563 -0.0494129045314884 0.0452411128653525
0.02176618942537 0.0323855304189659 1.10761285137224 -0.0448409583742859 0.102923543844612 0.125512867964678 0.756423507868496 -0.99150811659262 0.0099305069867238 -0.0361495328853159 -0.0600923231597065 0.0643144178360063
0.242668457335487 -0.946376603755437 -0.0739765356644176 0.520808564805531 -0.0983350129960986 0.140586295220748 0.980795473787206 -0.947733845501729 0.0399373366803246 -0.0212625944751226 -0.0168179139010253 -0.0025901906674515
0.812672789117698 -0.828797483256969 1.07823518389349 -0.896158706775171 -0.832470605293374 -0.875459915934718 -1.21986241246429 -0.221503006116213 0.0242557641221876 -0.0318642277835689 -6.17398541886721e-05 -0.0210918295371204
0.97131742119799 -0.6376086182193 1.73756801745971 -2.03621900035216 0.420887362570188 0.00614825778059972 0.650148408083534 1.05497544559707 -0.00274811438380949 -0.0356417505647691 0.0220958576380888 -0.0392106153108199
0.0860311907899677 -0.691516994459955 1.97870479430386 -0.78688008957945 1.38089889916977 -1.19057454794137 0.833503389984782 -0.489251959730876 -0.0330275182997732 -0.0180905158246004 0.00336879300699981 -0.0243699565055067
0.0035690272731078 -0.221802813600339 0.41906232966321 -1.50258820356369 0.486166206707503 -1.85561543635689 1.97791611102839 -0.336421784207651 -0.00795177896494754 -0.0342645056365262 0.0100784025818117 -0.0302806656254755
-2.31259632387204 -0.484219911551782 -4.1705936421586 1.61563172309731 0.71623288946425 -4.24610477882366 0.443659638394434 1.10738030011956 -0.035566937554696 -0.0155717233843503 0.210577584101384 0.0989082233238349
-2.11619640371415 0.275888721851958 -2.64054930547536 2.6785140251512 -0.260295843616836 -1.78109322450238 0.025244253642564 0.92122197254258 -0.0329551356189067 -0.0181599359337076 0.0882986118643702 -0.0502864048401517
-1.31060685557848 0.412503652563521 -2.23800843974018 2.35340427813903 -0.749134326530219 -0.44179525292392 0.330748688296785 2.00478413977344 -0.0108297679420403 -0.0332106399097227 0.0391616920139542 -0.048238423073583
-1.14624539762979 0.499802279909597 -1.88986949841468 1.7782921157827 -0.934043344343732 -0.473727226531842 -0.358494014895938 0.553963289354397 -0.0293695371150213 -0.0214340287331307 0.0399326315870876 -0.0485450273234406
-1.58844597502786 0.851769952624571 -0.775787024645522 0.969337111786393 -0.680384624321914 -0.137226922052415 -2.26474470107637 1.67988019503708 -0.06800940308094 0.0308625958386146 0.0431455296577863 -0.0497285848874562
-1.26120020641693 0.69827080343848 -0.455797815073263 1.26702351012482 1.32955361422405 0.786294777027075 -1.6800521134694 0.738097262639395 -0.0541750477306483 0.00782815778159961 0.0401520198428702 -0.0486306791812174
-1.03581277509037 0.80452985541113 -0.451907990898635 1.59194203131699 0.89393784882147 0.774648098027376 -0.515740721344926 -0.159912650911464 -0.0321264334945584 -0.0189453402398445 -0.0111729419381832 -0.00928489170419691
-1.14692893231684 0.720080895609218 -0.945171636113031 1.81798080359844 0.0825240677275466 0.976505215168096 0.374504629473981 0.393722446679526 -0.0372063538196025 -0.0138595705215754 -0.00523841355718162 -0.0158171535316578
-0.439812036826378 0.838438584491203 -0.914309098330321 1.68551815230591 -0.852974348206738 0.732326994902028 0.133798233990446 -1.62623764666607 -0.00793778184676762 -0.0342691226598957 0.0223683106400098 -0.0393884223171278
0.0433325153152888 0.677745782439176 -1.01804599179184 0.129050102483301 -1.92156922193458 0.0769199273581148 -1.46217092862971 0.75936547046088 0.0060348971771396 -0.0364232869034611 0.00466631969147655 -0.0255646806101038
-0.350784537075755 0.580628650572293 -1.36046646399961 -0.312875843008255 0.233774267758632 -0.44893391248131 -0.545662701692797 1.17151087106316 -0.0164662044179095 -0.03054387088066 -0.0319568976456095 0.0176801420254349
-0.894653445808326 -0.121901221663584 -1.60775992206579 -0.270832672892049 -0.748301511104908 -0.00990173158045559 1.81364702403756 1.83255543085635 -0.0504966205768571 0.00251268195230497 0.00557053121632635 -0.0263825971836585
-1.0677316394716 -0.000155912076327185 -0.32692973582784 -0.173305850298856 -1.93790827613763 -0.817694885930869 -0.740270505098713 0.302380364562219 -0.0704997391301141 0.0355196992229806 -0.00193898720882205 -0.0192246360145671
-1.24763569215703 0.457020307251322 -0.197720671552084 0.11438638675969 0.454048983006111 -0.690846384838203 -0.816441057399918 1.44279932953267 -0.057766621044503 0.0133461012639143 -0.0206613038864414 0.00223634720109953
-1.30035458466718 1.00072052050266 -1.0498666192004 0.686179235417968 1.0511632978346 0.407242396776542 0.67682819469673 0.406888167252842 -0.0341054904487074 -0.0170410881337002 -0.0322772481021899 0.0181455298189384
-1.01716974079956 1.17483643395519 -0.398462990122086 0.739790501105699 -1.35896508503794 0.133014319529995 0.0551241578403084 -0.778353146955809 -0.0319641063309495 -0.0190971654872959 -0.0387224385087197 0.0278297321380849
-0.960756275430093 1.142997940587 -0.574497314727487 -0.2680116272837 0.0728255653740594 -0.574876366136487 -1.36807490621526 0.601630553152646 -0.0423098561286439 -0.00809738647729965 -0.0326047316979216 0.0186228419281485
-0.574431942764505 1.44638905102319 -0.447401307027174 0.136710905427869 0.925268278916254 0.159644433394077 0.397156064106713 0.238689192903657 -0.0243124752451939 -0.0255027551824487 -0.0424026140938756 0.033633664007103
-0.968710094087952 0.307753015068182 -0.962025511931065 0.337096301738196 -0.352646962768541 0.259378829416866 1.52585453305316 1.27614360346206 -0.0318320381784838 -0.0192202009884878 -0.0398397210454679 0.0295706981475917
-0.722451724390351 0.605767525960235 -0.589960749461173 0.262878596686943 -1.10026496486343 -2.05352738568835 -1.22961127588885 -0.537274739169696 -0.0231916008885593 -0.026317589074128 -0.0206390078896751 0.00220772071488141
-0.281457912885755 0.94546291157078 -0.416784124953402 0.238752392568578 0.888294256712782 -1.54137462036282 -0.476372472025833 0.846500359009994 -0.00886067625710254 -0.0339541647584739 -0.0632039584255037 0.0701876400701847
-0.390050741699852 1.04913956247959 -0.890956802508653 0.64234775774076 0.784517083874415 -1.09086307484629 0.872737710967562 0.00686807532866443 -0.00514407435719784 -0.0350921151501528 -0.0547211812175927 0.0545117532901467
-0.295978815031806 1.01206169196573 -0.27557911485531 0.964801790201478 -0.685477171586651 -0.258290969844903 0.992785872573017 -0.242483666341596 0.000799398655792848 -0.0361907119488996 -0.03575280811328 0.0232917484846356
-0.39052896855004 1.00757657258948 -0.652753131115663 1.25434083342207 -0.870141155749109 -1.24494354499524 -1.61106940830882 -0.33072083666406 0.00885163988811639 -0.0362635187847557 0.000953335346915726 -0.0220798569733858
0.933199509009639 1.56302611895767 -0.316897355441142 0.679503967213739 1.11219551888116 -0.98992150787367 -1.45611600280455 -0.00808931556143373 0.0587592466246547 -0.000380582857967004 0.0145516701784473 -0.0338530820537287
0.667369252306251 0.871452855565447 -0.558622582385706 1.18943075779508 0.81368778214412 0.0739226965621166 -1.32259819853156 1.07851624677913 0.0576898525067408 -0.00180548665779411 -0.0166943209398622 -0.00274178994533968
1.10173374373579 0.844437987372359 -1.34535569430189 1.01544190068531 1.8027883938979 0.115238526839417 -1.24789949526249 -0.261096654967856 0.0816615337216165 0.0370313725589559 0.00743328850315628 -0.0280296389808484
1.43582995754968 0.837672483097057 -1.19809894661801 0.029327773867279 0.3927065147594 1.32446844011949 -0.323865847354759 0.297081459403869 0.090462364710755 0.0549126112777213 0.00148521766663381 -0.022591510076743
0.736082384346725 0.634006655708421 -1.91707378059996 0.339519462403114 0.374502450607726 1.21108506060774 -0.392262497762925 0.36235422404712 0.0677816379152253 0.0127849122531939 -0.0113711243852322 -0.00905780151022439
0.960813792970756 1.1340888424854 -1.5216357719232 -0.511888476747079 -0.178048752652686 1.10126134060187 0.327666721548063 -0.0813150834562561 0.0688210341900487 0.0144329662401791 -0.0118212463952288 -0.00853987469717351
0.31431279369999 0.684940605889853 -1.79371087642933 -0.216035122950732 -0.210748922279756 0.781847748883926 0.573687096371038 1.02386685837477 0.0497847494588115 -0.011447438270463 -0.0122097161660466 -0.00809048921903874
0.479717411444119 1.40986130950142 -1.67322049585442 -0.865668148765571 0.222983090333162 0.328006748936303 0.546343835353966 -0.819471679518754 0.0489330250599246 -0.0123926125921211 -0.00856404425449107 -0.0122204268765181
0.599028784022503 1.29325398176978 -1.4303155352485 -0.562786657375072 -0.515722510530578 0.808490254082685 1.07538181632288 0.689540268446351 0.0395029510809397 -0.0216394567764125 -0.0173183667168842 -0.00197403574223709
-0.1857974859198 0.816600286321366 -1.88835137942124 0.123001121485081 -0.389918915754945 0.752609529963985 -0.11102801747655 -1.1597908348209 0.0235432768731209 -0.0321991910292765 -0.0251481339833548 0.00814604619867017
0.79349720071215 1.9576501651947 -0.664665444583037 -0.894515959224976 -1.35130276473464 0.110086006353676 -0.97023937429878 -1.44046076920787 0.0300125799901041 -0.0286899616656623 0.0253676779606278 -0.0412736188457147
0.339097779545383 1.20920846342893 0.0664237892641908 -1.4419925193679 -1.02845607450964 1.25619031948941 -0.920172184279764 1.46710991767609 -0.00342041930434667 -0.0355020790693224 -0.0192711474156141 0.000465481683875166
-0.212846030420344 0.814018404521467 0.225504515587895 -1.30476344233285 0.679967673264448 1.33638613236055 -0.679789602178619 -0.0871455346313135 -0.00403241083789089 -0.0353650650781025 -0.0483100860346604 0.0433671398094779
0.0550679693006028 0.689795140870123 -0.263211843511209 -1.83425641718963 0.302921403720673 1.12498885082379 0.733817267257631 0.811734148670196 0.00836364106912267 -0.0363054730424875 -0.00992041960493227 -0.0107067370803135
-0.518089374690912 0.698827872347783 -0.839298139457157 -1.20230418206964 1.26977703718526 1.12608110064214 -0.400926499178501 -0.682068825824746 -0.00620276836955795 -0.0348033091875893 -0.0123362415028492 -0.00794364387793726
-0.210744986715039 0.771493922653343 -0.242379656171959 -1.61861502938409 0.701226294941319 1.57701021165874 0.477800898111086 -0.486524631917431 -0.0207717523361153 -0.0279691066600584 0.0322026036004918 -0.0450748009834889
-1.03982381647374 -1.07892272631172 -0.728939843346056 -0.825125081962247 0.571216778855418 1.11752637642082 0.467526996487673 0.794816032456755 -0.0455133808194817 -0.00414613168195136 0.0447181631192405 -0.0502525085837667
-1.5689224742101 -6.1668387587309 0.465044412558045 2.4041838048587 -1.82147647303608 -0.0414769346701161 0.332900871937958 2.27278882871093 -0.047500205835665 -0.00156603248434778 0.321614522194599 0.425085888850085
0.204769037435405 -2.52684421676651 1.3674288404602 -1.62864648582366 0.100549256355851 -2.62167598191753 0.174016307426273 -3.50224935838617 -0.0465574818493609 -0.00280262146262468 0.0912576894186599 -0.0492749903046943
-0.71428570643905 -2.38992314724635 0.730855686128162 -1.73986051018952 -0.313713681676489 0.244973040011076 -1.41830634634402 -0.841711809308376 -0.0686309368392045 0.0320103178273254 0.0691980058381457 -0.0537134133454641
-1.52469341402626 -4.97395182394486 0.996581202261155 -0.0175051394772867 0.250411157956782 0.786959464699434 -0.730982815238735 1.66656917671661 -0.0798343391943858 0.0543625449317738 0.3289022465015 0.452841552971781
-0.508744459088384 -0.680391590777703 -0.0456520763438048 -3.75743111588325 2.37418925492094 -0.922971456370993 0.221682545182604 -4.76143086775796 -0.0487010305081311 4.14442124898815e-05 0.0226819549236836 -0.0395917582380472
-1.31719222713469 -1.03698252803533 -0.0227791094176853 0.104587004075849 1.0764065521269 0.553610057558386 -0.128550649898597 -1.44288749364508 -0.0763900259321143 0.0471550101621094 0.0370432168281371 -0.0473508432103501
-1.28551032182022 -2.1883866166461 -0.0200309150549278 0.911417466795831 -0.763907842945003 1.06355179893731 -0.640433554409784 -2.33301160779032 -0.0504834336652106 0.0024942378103752 0.0800965094298951 -0.0524160228612081
-0.773220937804829 -1.71009083439615 0.233286044616057 -0.413779815956311 1.05036460879898 1.61478854409483 -2.21216633121629 -0.886082691566957 -0.0185890715441873 -0.0293325749299613 0.0409701583847308 -0.0489438421388646
-0.023377757494193 -1.33567706097344 -0.114822243534402 -0.427501044277258 1.23059331990057 1.8391378997302 -1.32153813518717 -1.68377710133433 0.0149110899122549 -0.0352442342108365 0.0075052060072906 -0.0280922039314111
-0.337889895165573 -1.77383934711605 -1.39094228102545 -0.204891427821773 1.47916094793555 1.34825659104484 -1.46859568268616 -1.62614928974039 0.0391060178369422 -0.0219796815030095 0.0252610295010198 -0.0412088578448575
0.525681949426248 -0.929147436037932 -1.79678888823181 -1.72783396141354 0.610633161578294 0.950407435285048 0.153108467703331 -1.96723070424069 0.0548064099733481 -0.00550433504935482 0.0100367922096958 -0.0302460520947263
-0.0575675725083822 -2.33327005661286 -1.7959612650318 -1.81247541108391 -0.527651251179103 1.76129034037886 0.62996527768843 0.12504647575929 -0.00797107425079016 -0.0342581329156003 0.0630374622775008 -0.053673191146334
-0.233333014649208 -0.747882712093138 -0.539430699530484 -3.58333534057451 0.117536841736786 0.321208590826648 -1.7959742271431 -1.43934227996681 -0.0377329053397975 -0.0132953316407468 0.0337864120693084 -0.0458574723919183
-0.471154322703615 -0.481689877630155 -1.02358157983302 -4.52350210254006 0.421358894110135 0.870267757373537 0.147618339746642 -0.416445385159981 -0.0283586962714177 -0.0222986894346169 0.109479467878323 -0.040205768247497
-2.34993196633451 -2.07354649094206 -3.69665635236276 -2.30016568254806 0.939330695824209 -2.17704486225787 -0.611539818072954 0.171665740426147 -0.0360631785926753 -0.0150605911247901 0.306408431999366 0.369690515765937
-2.45847773849493 0.110255053485269 -0.546728271754814 1.55193921651378 -0.016974093249718 2.23283262467745 -1.12996881704927 2.08006532722906 -0.0764505000835282 0.0472789873522649 0.159240391308197 0.00946237036584975
-1.16215998649096 -0.350437005069889 1.78464728812831 2.29825720844699 -0.444361381996141 0.294475290049049 -0.151427222233865 2.54213382671154 -0.0450336169322552 -0.00475429070639492 0.0945424717161495 -0.0480012772168742
-0.733776074224179 0.520833592519808 0.607962284178083 1.79023570467017 1.5417646704914 0.216247978909708 -0.497885059489412 0.45796048717059 -0.0296277461598719 -0.0212090439586289 0.0280461067469943 -0.0428451521774277
-1.00865957580264 0.605911419512945 0.239401792933678 1.67991946889251 0.272604867533981 1.15042439829321 0.818912377810629 0.753754793887662 -0.0427118952348584 -0.00761565545098146 -0.0202668461950219 0.00173097197859279
-0.674583557212551 0.661462255015045 1.01487292388338 0.764785689769036 -0.831291436574003 -0.0796595586958978 -1.39993166814825 1.4665772960566 -0.0624013243721555 0.0209455683283666 0.00347153643077387 -0.024465463214514
-1.39277321365963 -0.0301423196442839 0.156431230797147 0.634534845499887 1.20992157943013 0.523530288440926 -0.48947953216035 1.35317175254954 -0.0801211607284913 0.054976187065178 -0.00396419625100022 -0.0171520969527841
-1.28583351308925 -0.0182075249033192 -0.399172199429003 0.417499639525771 0.55451131579405 1.2477425174352 0.458101467003693 -0.766985271523082 -0.0803480624692556 0.0554630975803614 0.0107174356971687 -0.0308090427392923
-0.909633966624794 -0.0488586953244736 0.0933526671398763 0.999820040303648 -1.28395723532922 0.202454502935795 -0.00628445761915071 -0.693958107308824 -0.0728911951131775 0.0401385335584636 0.0159598992912236 -0.0349167466483782
-0.314444280370003 0.470899305205484 1.09701276391781 0.943476614108774 -0.538518254194519 -1.52513827624684 -0.688409314093212 0.871642534694637 -0.0543619602575469 0.00810732895332616 0.00902087084099697 -0.029393050850213
0.637951612353085 1.40577875147669 2.23715212229829 0.557221437860677 0.610877850493839 1.53762157141373 -0.180133761286745 0.0629815926568733 -0.00479219773956504 -0.0351818706020276 0.0480306002790147 -0.0512369365577817
0.731587685302482 1.62649470449751 2.03779730479216 1.91668468865393 -0.416492709081665 -1.97480561303354 2.4067038444453 1.71685424997773 0.00580722303074033 -0.0364274943661878 0.0326738479267413 -0.0453115353295046
0.570839591019569 0.786139996918577 2.60465245136308 1.05403740208799 -2.59659342321808 -1.05438844194163 0.473942213039411 1.56714871272341 -0.0172427829539553 -0.0301138919983213 0.067338439013652 -0.0537601453307246
1.08163988083097 1.5811929541734 3.43848891711396 1.11410310567522 0.479933370278845 -2.53651155219443 2.17066683626647 1.88911590699302 -0.0209884958330679 -0.0278271797748509 0.0670411970992574 -0.0537628960855012
0.375983693692688 1.27179868100725 2.80974809226463 1.29320948745945 -0.481006500710926 -1.68193177345294 3.37619424226092 1.53172958695324 -0.0381013695669875 -0.0128963526245078 0.0538022788943654 -0.0525662873513451
0.702870125665963 1.59284835000974 3.53957202291238 1.42080046134512 -1.49742451937228 -1.27626218252217 0.17127765237336 0.252413647710257 -0.0310085209708169 -0.0199775099679192 0.0744417905448975 -0.0533074474432519
0.274304273517012 -0.646338687327833 1.75212014807238 1.64127614887518 0.551135248578891 -0.723173851604663 -0.689274516177311 2.18749495695181 0.000839179929571503 -0.036195075385497 0.0545779642476129 -0.0527075612180725
-0.0877086785893788 -0.803055159095535 0.497623046035006 1.16034224026612 1.31677819773462 -0.0669632858947785 0.0305122807057563 -0.714498857994272 0.00454341213591718 -0.0364271730655592 -0.00995805895341781 -0.0106643460324792
0.444351396981442 -0.282058513811952 0.34086167158515 0.454746908888572 0.0395438746078902 0.623547818100151 1.24490380382864 -0.184599872721596 0.0300527290277521 -0.0286649003191427 -0.0433837512572853 0.0352146607496473
0.390047430923878 -0.400987111985349 -0.0413406738157086 0.478493122527611 -0.969808154889438 0.561490719131763 0.294791786128903 -1.598692692855 0.0316567287601274 -0.0276305451716246 -0.0406983226087769 0.030921071626696
1.31048807695668 0.145483868764449 0.102345859229935 -0.363198240223399 -1.89046327931336 0.287683414264555 -0.517477579027915 -0.734992999902086 0.0526219892409282 -0.00816743221150222 -0.026130875165671 0.00948000219221486
0.613695150215801 -0.551954884970463 -0.653620335890527 -0.194917384124876 0.377856887293396 -1.00689662143007 -0.922396387035729 1.06344569841603 0.0455049257162234 -0.0160125482642509 -0.016591484905931 -0.00286775734900263
1.06904702058782 0.582614379080118 -0.58819402616056 -0.770386695580694 0.914907964214847 -0.803681567091217 0.364341709042025 -1.03050089609099 0.0561544376382201 -0.00380109834267348 -0.0367654681747412 0.0248246378376423
0.62978028063494 0.435025830684263 -0.713814830021777 -0.168357131448746 -0.426053755995294 0.0777682907802684 1.09257308133067 0.379050677669118 0.0379200262150404 -0.0229726534251185 -0.0359963188243645 0.0236589781659037
0.219732206175181 0.381053495864679 -1.01415052081675 0.421211267650913 -0.248314605542937 -0.0889890976803393 0.733074308649739 -0.92143773294474 0.0403067488025636 -0.0209383718229522 -0.0284393910340433 0.0126694704004762
0.890526583771842 0.404951228935497 -0.37999763201098 0.161046592081179 -1.15329438793631 0.652313169508892 0.166591256775351 -1.25550536345978 0.062316903156144 0.00456655308772118 -0.031423354881333 0.016908393590179
0.634653823268631 0.325969563082194 -0.697825515850033 -0.16518461858746 -1.3265882250137 -0.165276882083949 -1.48416194198737 -1.06543999690496 0.0524701864465142 -0.0083480451807054 -0.024398451822147 0.00713800076501058
1.66975521111174 0.936914662729035 0.026766437430428 -0.733490015997944 1.49353642376567 -0.392395958992606 -0.994946250754218 -0.569358621700783 0.0807153577354413 0.0352248049780583 -0.0109745235044147 -0.00951167304669783
0.90627270592274 -0.0947739566196706 -0.651361072144442 -0.60986106820449 1.00142795647805 0.0500766644392049 -0.0226455175749038 0.310406112053069 0.0653522750796984 0.00903879364462453 -0.0395464384395071 0.0291119219964737
0.766770055036308 -0.110754454280711 -1.27171378143273 -0.984756374566193 0.972309462861561 -0.634145389423911 1.14627175869552 -0.437321456764099 0.0532594255064477 -0.00740269965335482 -0.00615755076471901 -0.0148393726967603
0.488595946137621 -0.784435921646321 -0.608546008057727 -1.17331577439998 -1.27277390512945 -0.560981975068941 0.312236271463864 0.467877908953737 0.012003827666207 -0.0358483877997307 0.026514163394727 -0.0419592328295794
