"PC1" "PC2" "PC3" "PC4" "PC5" "PC6" "PC7" "PC8" "glmeanLin" "glmeanQuad" "glsdLin" "glsdQuad"
-0.078244575674399 -0.746419726835006 -0.325697946231824 -0.721308140390162 0.120931728899099 0.219894925042054 -0.867364939897286 -0.61443928819486 -0.0406137620740751 -0.00326550458489061 -0.0174255495552514 -0.0186521163228266
-0.414296216074532 -0.851761231944091 0.172224837245193 -0.110612211286893 -1.0519361772062 0.341848827800545 0.18121780781655 -1.04209060649512 -0.0491453043108624 0.00877601010823421 -0.0354633745737908 0.00877558407573839
-0.430219707953234 -0.945058426956737 0.14761839748734 1.28235695478969 0.00794607345044657 0.226221712897309 0.74064270158653 -0.164163957140341 -0.0456109303608579 0.00356780091564395 -0.0519606568707754 0.0412280056808468
-0.295194937349448 -1.26922426765548 0.113751019651473 -0.379854886357606 0.947933967907931 0.124886073287509 0.682680925067684 0.223364130398762 -0.0509698112118721 0.0115862328394719 -0.0373399197794218 0.0121122268382532
-0.320994675366813 -1.0942861192482 0.446636197208018 -0.148843779164215 -1.66036398234901 -0.277037086878177 -0.190473997301113 -0.70684717163866 -0.0392765277745886 -0.00498869285236517 -0.0467869522291589 0.0302930601169009
-0.508374295564637 -1.30254573370618 0.530744197686971 0.138987340006505 -0.621495528584977 -0.214526124389618 -0.602299380665256 -0.0368916690709789 -0.0370088366149375 -0.00780917345063531 -0.0561203781054633 0.0505218713012269
-0.289195299991327 -1.19782075941898 0.925950416558921 -0.484804040515204 0.695089475758539 -0.47010366652418 0.160612790427933 0.175447687733618 -0.0202419829035486 -0.0246922910201793 -0.046856137435669 0.0304347206837435
-0.0302727110451457 -0.45779790047573 1.0698999904691 0.883889319732133 1.05787298503575 -0.644086475809155 -0.883887160994643 0.00783059003155914 0.0201746815476236 -0.0366329950484379 -0.0502723214313569 0.0375835122480683
0.140565335617382 -0.316590776942068 0.688421592639341 -0.536183449867465 1.94195730984771 -0.368587564390512 -0.121100523940721 -0.161754493613957 0.0197161820878922 -0.0367254886223825 -0.0461182405785772 0.0289302163859579
0.40250621597684 0.576602167065193 0.514490914338654 -0.672557934524339 -0.608058681036232 -0.12824966375854 -0.38385404528311 -1.45003533809181 0.0466869583697225 -0.022387701684909 -0.0508147783127008 0.0387464388144233
0.771718314100228 0.718614362843911 -0.181995371689694 0.161119814250589 -0.236322480081846 -0.304461516149292 -0.00154821951597476 -0.924035032546865 0.0516750795367212 -0.0177525077052897 -0.0581074382428762 0.0551194033373956
0.769375737063154 0.145591588644393 -0.158544945248038 -0.771652246302027 0.334147635062827 -0.0960265623017445 0.854802476971956 -0.594501148037637 0.0501648935645631 -0.0192211936975271 -0.0500112083451059 0.0370264476067653
1.01717102999402 0.205329905271884 -0.34340875632236 0.236282221040374 0.762441362068978 -0.713682517214518 0.925949834247503 0.423346983984154 0.0484092834671785 -0.0208572221083416 -0.0362646685265231 0.0101892056008366
0.874126295672371 0.619882958511951 -0.867958120817448 0.240091069474633 1.16066842212009 -0.863010638482137 -0.503809364527288 0.936463687563642 0.039528661587594 -0.0279576954569915 -0.035369700744855 0.00861141125944125
0.535311025045313 0.52416611331637 -1.24046835405896 -1.31109777805737 -0.178247542408572 -0.312406632080082 -0.434484188916231 0.000148392376782712 0.018187620771401 -0.0369960553660935 -0.0363268079408905 0.0102995240936793
0.389442159310996 0.493626144407328 -0.767388507434527 -1.21242982358988 -1.10280282298828 -0.199076684840103 -0.528552948607379 -0.323698940469745 0.0240213407156196 -0.0356509541823442 -0.0546946344974547 0.0472859965530049
0.365786984555668 0.451498355362371 -0.961001869536225 0.0707787992563612 -0.77613749579771 -0.126163794702636 -0.434445146592912 0.273549353358811 0.0242155936868405 -0.0355915952738905 -0.056725666921529 0.0519115345968568
0.216964119428594 -0.0750682951752553 -1.07712102880716 -0.0963400020215907 -0.166602849779682 0.197961020623855 1.06304017279511 0.469414378451187 0.00173534870196076 -0.0362274820763162 -0.0606542424075842 0.0611613470089317
0.0894934047211483 -0.168040867299667 -0.581961277097216 0.771066797054622 0.349647789152996 -0.0434563777187742 0.312983785803655 1.13890828222801 0.00561564029103179 -0.0370157228834767 -0.0690827919468974 0.0823531192190115
-0.015902858218249 -0.0841665841238093 -0.452705875753433 0.417986401717655 0.591992640149955 -0.00770729645918573 1.17946195249571 0.988254823051315 0.00481772499933542 -0.0368842362140182 -0.0645641047664538 0.0707633969062971
0.137188966635533 -0.420111484188579 -0.768565712912466 -1.40428339851258 -0.440778459782756 0.513214956193274 -0.323695046673437 0.880763199932759 -0.00436697005898767 -0.0342299116202414 -0.0248874603133042 -0.00832625514655162
0.162796808240498 -0.477740200182427 -0.477405629037106 0.737320055548918 -2.03061076111508 0.279470920085065 0.536247270361845 0.285725370112996 -0.0239177947005869 -0.0215897162571784 -0.038745271412881 0.0146706912788489
-0.343660450467781 -0.312439439251163 0.164807658704157 1.8343034022814 -1.09761749292771 0.123442246568715 0.036275118084864 0.399253845604956 -0.0351991229168091 -0.00996822569019627 -0.0573221003375629 0.0532901352823913
-0.652668286583613 -0.264989229085051 0.999453139223408 0.184292165040777 0.237689569153825 0.0973867905185743 0.525739667720867 0.0448277553530055 -0.0192098693459669 -0.0255029895911167 -0.0600381786032305 0.0596844392724521
-0.0659133166758634 -0.0743934625424023 0.985569127088198 0.382765561054787 0.782365296684185 0.169512983354157 0.518951113543607 0.059571853382247 0.00961571029040598 -0.0374360895221946 -0.0747439679040026 0.097618356019872
0.272433032731562 0.356935036090312 0.23549220192334 0.720268212795637 1.47698710400382 -0.0115514226981141 -0.129499412709771 0.446037187910544 0.018443961344592 -0.0369547388770223 -0.0691856289114426 0.0826230254746418
0.221608741463983 0.553032897421465 -0.483653001067118 -1.06456088283043 -0.377872446964066 0.648107502057912 -0.673227591571672 -0.50668860488279 0.0134765756951564 -0.0374642034429848 -0.0750179026405015 0.0983780385869685
0.116659032782793 0.693682235535639 -0.519604885817374 0.329932852032028 -1.19792821462332 0.43546084517685 -0.496025657134014 -0.450118134452178 0.0049186414339441 -0.0369017411805976 -0.0744853464770331 0.0969029216852279
-0.241343437630393 0.121569603376735 -0.495477878010588 0.152794422609957 -1.09345522242215 0.411217328512743 0.49672798119962 -0.0440080210978032 -0.0131956229624186 -0.0296997387271688 -0.0763800788734747 0.102184478140866
-0.43452701707572 0.226718868925624 -0.151426128358002 0.854761877330798 -0.0566535779401623 -0.105924796715415 0.697258979476035 0.581349546268934 -0.012147311637131 -0.0303391320315053 -0.0730080129541092 0.0928492800185922
-0.589546338257509 0.436360221125624 -0.413557197742639 1.05239280845033 0.779153495590066 -0.402374587899774 0.0404822878842325 1.07923563021778 -0.0193554239140425 -0.0253902658202965 -0.0499982347571508 0.0369988154379375
-0.556153733246417 0.155114327447773 -0.725594148856717 -1.0365211482221 -0.597259555088904 0.670618641313038 -0.310660522457948 0.0296797744484841 -0.0329846542593108 -0.0124992863040361 -0.0510822438590878 0.039322636336325
-0.248654214177255 -0.344936611590188 -0.215521097660577 -0.704643312996137 -1.3727962449534 0.264374793228859 0.25397776880704 0.154712694906694 -0.0274908095994822 -0.0182516499520987 -0.0595438184158102 0.0585063936036323
-0.396960521348831 0.210296694505686 0.214267926718032 1.48182044359398 -0.568627200618272 0.0507514500144429 -1.1145949423037 0.521120226779624 -0.0131372836487168 -0.0297360400411664 -0.0633646703467534 0.0677757232081865
-0.379973417948063 -0.31999895968969 0.352320946231798 0.574943571242572 0.166426041126184 0.315295734891769 1.33516868339342 0.820965263285767 -0.0184875628699251 -0.0260545754598277 -0.0668218749129418 0.0764882147196574
-0.0181994292475863 -0.357231028172184 0.999672080091007 -0.438009708264191 0.231297750778522 -0.506233440010548 -0.114799744559585 0.732050948174013 -0.0129232777562328 -0.029868478839342 -0.0474058598711954 0.0315647074753631
0.060433270743964 0.145040906379124 1.70740537620823 0.909996542364903 -1.44595602997828 -0.0488824015324923 -0.522948977129927 -0.779505100405675 0.00661832767116595 -0.037158489654292 -0.0313169375901108 0.00172583422847862
0.0132947915509067 -0.10425438146576 1.89992370087359 0.691059071658505 -0.641333745284472 0.47672427541136 0.476388628247648 -0.772327346250826 0.0179663716701286 -0.0370304011472557 -0.0349859575186296 0.00794123164139167
0.261970849636286 0.0920789848276147 1.66472075870553 0.208366595637177 0.629844214825159 0.255597336314779 0.565017226338827 -0.608954699111596 0.0392540942234263 -0.02814594854037 -0.0376782189426426 0.0127234378595808
0.82396333974059 0.49552725273502 0.586634949764477 1.59876264167639 0.763652254269658 0.119074225417383 -0.00510321089862583 -0.217721199585043 0.0587476317240845 -0.0101190392634316 -0.0414319758237511 0.0197040430145129
0.611858688728299 0.256952225597161 -0.102154310283066 0.121872765341111 1.63114035326111 0.252679460278109 0.426041699734742 0.156204011981057 0.0359189554576481 -0.0302828463379103 -0.0488325399777244 0.0345337936406332
0.600444555603511 0.589101267822994 -1.02243189579091 -0.166044558408958 -0.493374078660181 0.660690254129442 -1.72035472593651 -0.904136658115546 0.0174484398235371 -0.0371060392379435 -0.0502133872412608 0.0374576266210637
0.171312524344951 0.459702993038146 -1.51752866989665 0.999491032569966 -0.906242737099801 0.433921178139077 -0.589527022520045 -0.374919981807 -0.00404434314888538 -0.0343587232364784 -0.0340876223768064 0.00638724772829778
-0.625012601960634 0.311827051115661 -0.97045750139647 -0.55700272904086 -0.263865228590571 0.284380212671469 -0.163206026835988 -0.135912446855507 -0.0272132137033563 -0.0185223742856296 -0.045464253548939 0.0276085672666454
-0.681385873085239 0.0260170427458383 -0.856945462199815 0.279573491943793 0.311764925787644 0.0431683144988918 -1.20369094967074 0.677549196036274 -0.0317213815891775 -0.013888499840919 -0.0506936765029575 0.0384861592538331
-0.625173398662196 -0.238338067649615 -0.584431770394757 -1.08265656452723 1.0332925007144 0.344127094752034 -0.100169260492064 0.524925916551728 -0.0279969249979036 -0.0177531276353261 -0.0588389441107746 0.0568376296867412
-0.449061287004794 0.0821968528209774 -0.300348038683152 0.342032493407963 1.04237212848169 -0.137209408633001 -0.575049845544435 0.640002795352349 -0.0154757765698953 -0.0282145819739793 -0.0574192644757427 0.0535155926552303
-0.38519616844698 0.290733827475807 -0.398548806140961 0.407275189485148 1.38989112592042 -0.334138026950291 -0.179954116615284 0.808977202960753 -0.0162449292446495 -0.0276844196351496 -0.0559646794655937 0.0501659398771695
-0.504650611521952 0.482987641046031 -0.43306216571169 -1.17110503845929 1.79852400458229 -0.316432096557653 -1.08049431624335 0.34466837333398 -0.0142170941788363 -0.0290504101443127 -0.0401782799592089 0.017332100815117
-0.232290574661084 0.631392457388449 -0.286126450187464 -0.660952669638251 -0.482232759132963 0.222004437116392 -1.41802453877101 -0.968427634285835 -0.00187492031511341 -0.0351576173981091 -0.0452442440716952 0.0271664343091021
-0.200111714550715 0.519141803115557 -0.11900102238212 -0.489435338988902 -0.44358974233053 0.309050538386095 -0.603841398634994 -0.998975231557847 -0.000763533425254749 -0.035521520079674 -0.0593944112403241 0.0581516044775411
-0.247977696683963 0.545729375040117 0.0602544454773237 0.696651484590069 0.739101395517802 0.145346607878936 0.167349602592517 -0.27064993189766 0.00737983996099207 -0.037250201201257 -0.0575110658633277 0.053728830745133
-0.115863122847132 0.546961265078569 -0.435066679827724 0.719382552553226 1.76508384116399 0.121919833955089 -1.13509317996227 0.323296865762926 -0.000533797174703809 -0.035592909355739 -0.0465524733147059 0.029813872189252
-0.295673067071347 0.349238390068284 -0.524417081896758 -1.35087985709453 -0.618759903800841 0.777979251672347 -0.323050576037822 -0.959322684400763 -0.0112097553044175 -0.0308878070429777 -0.0608837204991936 0.0617139905693325
-0.456138035942983 0.532394465890667 -0.0625960375250098 -0.309764244549076 -0.156219860849862 -0.0408055080960589 -1.13334314504724 -0.343940184017754 -0.00156181720228018 -0.0352632469991274 -0.0548716316236011 0.0476848520500469
-0.424743058259792 0.319273822634659 -0.11142017693458 0.185371994572583 0.845013692747656 0.177361292179565 -0.963523583423752 -0.0690350074139985 -0.00174945550640816 -0.0352002375772215 -0.0689108568793355 0.0819024687373352
-0.107248756529251 -0.593096607927014 0.21132422690079 -0.498396618050537 1.73949435848691 0.760704011143573 0.539209995750916 -0.171099452999415 0.018054648279774 -0.0370168435092777 -0.0522508814973292 0.0418619188900431
0.378882417527004 0.421308760797941 0.577309950716817 1.28726448477513 1.70262167766778 -0.0169488518718056 -1.00396859874973 -0.480637679876773 0.053135300212526 -0.0162784461510697 -0.0407140623748957 0.0183408057877666
0.591808687653068 0.678909816865617 0.0529323588287677 -0.457650848298167 2.43133848012532 0.27386950966498 -0.422878177709515 -0.529213511420394 0.049803940943684 -0.0195638238945715 -0.0391108570247423 0.0153446174258066
0.767989045227444 0.927750849217378 -0.332857795071327 -0.894640280123119 -0.502241300107704 0.553285500383545 -0.424994379029399 -1.57245920761562 0.0457235173061467 -0.0232116320441701 -0.0463506361720873 0.0294025306966546
0.372536882920057 1.0651071558943 -0.448977721259618 0.97697855401907 -0.350547130486092 -0.238256048169134 -0.652912879709317 -0.752283993753003 0.0376884751474514 -0.0291835456519977 -0.0408839587166349 0.018662215960877
-0.183730563222835 0.960480535505681 -0.163335563424737 0.221993477583521 0.0313411760864076 -0.700597638573172 1.37910832450615 -0.480751715461948 0.0167927159292605 -0.0371922247846739 -0.0299321458533631 -0.000529535359558805
-0.357732539535412 1.08902672561184 0.474470427801997 -0.0162214748946401 0.389450839126126 -0.923222003756761 1.63418961109392 0.0972426671812117 0.00858105805088247 -0.0373655332473323 -0.0195933126031544 -0.0158007472065839
0.0319518859166361 0.818230294143263 0.445944135803749 -0.325044556780405 0.815734814536349 -0.624642259976103 0.360028903475033 0.481731454294879 0.0137671497731311 -0.0374513101900053 -0.0499392244073559 0.0368731854780504
0.262901274048747 0.634978229731954 0.252130733516912 -0.887927093057529 -0.586348619245573 -0.422551801062015 -0.0232081548980176 0.00984969232069314 0.021336333362476 -0.0363752367804439 -0.0407907087517319 0.018485713106003
0.695836230501714 -1.44582671588198 0.50007242160345 -0.468167201982098 -0.874419868026327 0.602914618290904 -0.403432305649316 -1.06330758295648 0.0385037282266321 -0.0286508569153153 0.0400897042661847 -0.0499170088793943
0.440950866191139 0.915524660472633 0.704255411945592 -0.0815935238187023 -0.617751396034182 -0.513603074758954 0.44631671937386 -0.771341934301634 0.0645023345407031 -0.00298948418591236 -0.0250025321496431 -0.0081557432174498
0.346018937666198 0.916422601273154 -0.559451734686726 0.299768155070211 -0.177773623751023 -0.424027464349349 1.64227212604693 0.26105333487005 0.0309188332709188 -0.0329679747237242 -0.0349408523105511 0.00786270880511014
0.0510050882873295 0.584570225583392 -0.327346599013597 0.162732304195002 0.605534657820107 -0.969937791200113 0.992375679615013 0.643932677490823 0.00191334413613528 -0.0362718393627877 -0.0374105469646509 0.0122395857519111
-0.125312221808341 0.734470698673464 -1.19447723348878 -0.168230135440059 -0.842628255058812 -0.333624074800328 -0.629148961242014 0.0145063737541608 -0.0101850525867734 -0.0314624635862866 -0.0383586049282243 0.0139616655592829
-0.634668508442285 0.306048067958728 -0.713120100525334 -0.567585467539837 -1.54850080769807 -0.367452472350046 0.881228170894421 -0.592166074188747 -0.0340918764488852 -0.0112490237219003 -0.051358195547962 0.0399190545284033
-0.829624585749722 0.52871423897564 -0.146754970995538 1.09526050412371 -0.950807780082819 -0.68595541514292 0.774665507446412 0.0575862812364335 -0.0388812686576577 -0.00548951179051056 -0.0402590433787728 0.0174836770107149
-0.926165163335738 0.177982127828881 0.0723832252595324 1.36516736966356 -0.674741608920083 -0.275819851412741 1.64564993525015 0.397623156937753 -0.0492286521579275 0.00890258216782059 -0.0244197822909022 -0.00901573007974374
-1.16027974783225 0.163187514638637 1.0119632864184 0.16782092357927 0.132706313013205 -0.771200704911214 1.52828446634973 0.795667318706454 -0.0545902979010295 0.0174080204679984 -0.0144114383510448 -0.0224147651138932
-1.081002202541 0.526491984585845 0.429738941969064 -0.778126033549129 -0.988860621720142 -0.588420297463648 -0.205775388067234 -0.131464910900842 -0.0500961900520099 0.0102302894245571 -0.00117444742944319 -0.0361574390071368
-1.38507791029791 0.779290912892365 0.556911620504009 0.492439750291604 -1.39878937322721 -0.903497541273528 -0.00776062154278385 -0.255675098508126 -0.0609839717022993 0.0284857735275032 0.0185345271446294 -0.0482228743768802
-1.62459649813142 0.464521324828209 1.13882320881368 0.524061547922915 -0.380081417014068 -0.831268073198084 0.987928527905872 -0.384156233174025 -0.0713686592652873 0.0486463237027312 0.0236582515819309 -0.0497142341561464
-1.3872087815016 0.578542963597529 1.74183089484639 1.25729300356598 -0.12060139707393 -0.262322286288647 0.973670287918567 -0.174542017699149 -0.0423373382600068 -0.000978828219808575 0.017616901560618 -0.0478840963298975
-1.74256377260082 1.36970012833626 1.76817393643953 0.29897674745133 0.327658350978286 -1.25669248259915 -0.99454839395372 0.125665606065655 -0.0327955291187072 -0.0127097937410443 0.0754127735195328 -0.026713486767529
-0.993238945495207 1.98252559856484 0.499295921857587 -0.318823212741849 -1.06573838725588 0.0377371637101645 -0.0250815504837258 -0.742354557197365 -0.0285920962525145 -0.0171587301858052 0.0449392941030574 -0.048642326368215
-1.1252897803324 1.55797368424924 -0.534301602122508 0.674490043740551 -0.259991993494611 0.0954099109357714 1.6432319479256 0.380936904070978 -0.0571873509629965 0.0217850232758222 0.032932002728151 -0.0506870181597714
-1.47270689751503 0.667503396497372 -0.741414540798556 -1.15952546352532 1.12882786153528 0.175289218498627 0.795741801005632 0.760767120707371 -0.0863582832263276 0.0824792152852144 0.0247829153037329 -0.0499507193395565
-1.56121257740178 0.385551682836549 -0.356182552267837 -0.882064348967719 -0.819840153966064 0.546106448416328 -0.463170601044132 -0.229437550133245 -0.0802245164050289 0.0679589050415968 0.014038222963712 -0.0463548149133671
-1.61958872867446 -0.05758691538008 0.27333818418899 -1.55172620824791 -0.597272657637191 1.01796015836892 0.0657479143805981 0.181694316278147 -0.0729424346272747 0.0519357715336962 0.00211412656639651 -0.0388689046845762
-1.09599717893341 0.17264252096195 0.573164816392127 -1.03482179227263 -0.279172971302209 0.826406740557408 -0.269363905009392 0.578496892657388 -0.0517857286478093 0.0128697665660302 -0.00805324842330757 -0.0295814094698403
-0.192198519565682 -1.51111393852362 0.344602932863348 -1.47419937723253 -0.0931886730346641 0.633747629482889 0.555771489448025 1.95758831222962 -0.0413203342020411 -0.00233703299491586 0.0175677584977789 -0.0478653388612699
-0.278792688725242 -0.499891437028182 0.812680876746724 0.742573117225679 0.159828115505802 0.0903062848275815 0.371376661358219 1.30503870625187 -0.0330953499792331 -0.0123756624925808 -0.0211963259618551 -0.0136140596530659
-0.382907433256363 -0.133199026926496 0.846092566950496 -0.461302112947732 1.05125517956823 0.735104515405363 -1.09447986305512 0.765889469292429 -0.0232146971627114 -0.0222091725815171 -0.024203111488039 -0.0093332399127616
0.451580980816298 -1.49170194442187 1.61682310847325 -1.53755195644152 -1.5469956057192 0.690049530816986 1.17189029621934 0.494365944434131 -0.00372400476108374 -0.0344840584452342 0.0264018828949489 -0.0502337054148877
0.818213407907951 -1.58779479998437 2.45157283404078 0.0513796738281958 -1.32301587476558 0.271233803026195 -0.105782204426225 1.86269877797058 0.0151500495195001 -0.0373611541072723 0.0787641323974053 -0.0228359939791019
0.481617554774894 0.608352594978063 1.95375052660713 0.806073101175282 0.392416453783188 0.793845734354149 0.0738419736890122 0.464759362368151 0.0550966217474964 -0.0142150369506426 0.00487630198605581 -0.0409302310165111
0.678093129448458 -0.0443369396111997 2.20512880064645 -0.941488180956501 1.23864218798657 0.868109351832268 1.50595446366831 0.958260873852886 0.0504203666027154 -0.0189767293887536 0.0309469082181396 -0.0506658823192972
1.91635955653587 -0.434968942261644 1.83088227178591 -2.84345255318528 0.62584719504325 0.244644479064351 0.413077751735429 0.59196098130267 0.0863771884282453 0.0316315048310588 0.146106298246727 0.116638073660987
2.3379112731269 0.426329010233301 1.98351621721997 -1.13757568349001 0.153463279655963 -0.605007555798681 -0.0429644183459549 0.14108789469545 0.134627827421783 0.150096773662528 0.118111912187043 0.0444145347424399
2.79718711986669 0.471347155272113 1.19314093713485 -1.4260015683172 1.04185927189078 -0.0408958674324607 -0.481775052835229 0.075446466211864 0.154616205410738 0.216143491460805 0.144419513363155 0.111712473652718
2.72856695113721 0.800791371790504 0.761168936925843 -1.25506339384822 -0.408233889456678 0.214767594662617 -0.256934807314816 -0.949803330574355 0.159930933123942 0.235377940816856 0.143526422730988 0.109134343098787
2.7783893428606 1.22118061259878 -0.587571674334302 0.620874000330992 -0.338705316109378 0.038361308075148 -0.349919792080473 -0.223369563582368 0.147749504742648 0.19233307137168 0.12555944392065 0.0616499039724697
2.39740779760699 0.725235852267268 -1.38016983274237 -0.260726671341658 0.318864171833062 0.487227373680407 1.22017384354001 0.519920218118521 0.109094282156841 0.0801895287060023 0.0924661265190026 -0.00396139838377538
1.87836891151387 0.66318082072672 -1.63772730637772 0.511393742940237 0.886705790077179 -0.310522936133979 0.530921952722444 1.49557986716726 0.0816979226386787 0.0232245633235321 0.0597833954737555 -0.0409604828187418
1.75604525283488 -0.0639021427245832 -2.20673795292118 -0.550538685868195 1.46273042179641 -0.0220999340939135 -0.385532232408189 1.34743588152477 0.0444100718034867 -0.0242976750865897 0.0587717728413497 -0.0416649449085189
1.06918253535525 -0.645974878010453 -1.35013725352695 -2.0666544316358 -0.0498577449012693 0.529153587101177 -1.15505766748971 0.208274778657953 0.032631851151512 -0.0321181235263389 0.0162261278383763 -0.0473291224963877
1.041071233496 -0.508817434478115 -1.19975111623383 -0.36487210218064 -0.533520954406654 0.100006002517695 -1.5936177647659 0.359902747759788 0.042042219898008 -0.0261471140616475 0.00448532197664311 -0.0406504428437618
0.857027511619186 -0.54014017162621 -1.12370227290536 -1.77387183597506 -0.769824444740143 0.778589433970715 -0.0535796947894877 -0.231202933574857 0.0262069166078996 -0.0349289450040234 -0.00912867262846873 -0.028442706760299
0.728240651446797 -0.43950155155562 -0.914150757665857 -0.833598776915415 -0.796729009723137 0.267702860183602 -0.663896876384811 0.509991228299694 0.0211932168730869 -0.0364088065207574 -0.0211340308125448 -0.013700278230844
1.05090034712115 -0.977084103237924 -1.18220211376946 0.586118992742901 -1.01110246933988 0.936497759076004 -0.357694620274225 1.84701231504759 0.0147062881595315 -0.0373952698327089 0.0251469577270435 -0.0500202592789614
0.753798373017634 -1.76387045897541 -0.829475528079436 0.627846589376146 -0.179416007309023 1.09897600293075 1.21545198002849 1.88788108791342 -0.00396751305091164 -0.0343890164672757 0.0384932833036162 -0.0502035510333654
1.06556349943139 -2.94426405928027 -0.202205539279652 0.652545896901477 -1.04578627707614 0.96811663825695 -1.59564631153805 2.49787469776996 -0.0139433445035777 -0.0292269740680193 0.149092526942092 0.125538641848927
0.562619531441466 -1.76939799663342 0.546908222912937 0.45106478861792 -1.48846286273734 1.17503871120814 0.25709885896709 -0.277017440149933 -0.00704354511569972 -0.0330613840049578 0.0304714165172746 -0.0506456905742775
0.290726772953257 -1.34440668943485 1.35995195712822 1.03193666787433 -0.771586131136047 0.585187781405309 -0.228654569535506 -0.272495857013293 0.00677414133105333 -0.0371784290850723 -0.00390520548613728 -0.0336933484007798
0.43983690279119 -0.634016385680225 1.70970496660089 0.176353679681021 0.509057916413776 0.49324597970095 0.863059339565255 -0.555050938673818 0.0436608606840126 -0.0248979441815055 -0.00674714524385571 -0.0309241424490307
0.816021748448922 0.422011915564766 0.731985074066939 1.99899342278616 0.787767400027649 -0.0798027411320263 -0.373015659400348 -0.0705983634479269 0.0697285482022089 0.00419936665695783 -0.0140763051275755 -0.0228186125401432
0.661163236817925 0.600550747392615 -0.592263075487133 -0.438841579522327 0.680485173420042 0.735870940246515 0.366920222229513 -0.190781686648929 0.0454607613597898 -0.0234323309300623 -0.0265659503931959 -0.00580515753251645
0.668609788314364 0.970499130142054 -1.14311935653693 0.221948839412958 -1.56854319416136 0.854682841099934 0.155169108856985 -0.723537587936366 0.0259440701122004 -0.0350220649658069 -0.0374794025903853 0.0123638742809094
0.306824816554681 1.10387917232458 -1.36306753426133 0.999058196224302 -1.6136870463904 -0.153788500746069 0.913206913503199 0.773864738329735 0.013960296002292 -0.0374415775041676 -0.0117924732096042 -0.0254933674826767
0.077390958397895 -0.182676293759257 -1.17399068486149 0.582598813510943 -0.874257090358469 0.946075344592315 0.647616385222463 -0.118327846497159 -0.00760698314309409 -0.0327926866729326 -0.047328180783809 0.0314045593928813
0.0629345534280984 -0.778294818939819 -0.725280357187337 -0.502379097622466 0.288974397285617 0.74326209078299 0.866517196072549 0.173293975017168 -0.00361662637119733 -0.0345254997398637 -0.048056128676137 0.0329114634769966
0.0807430992160127 -0.541613108502362 -0.643902754467726 0.590247501652653 1.06930939733503 0.136729982539126 -0.1990975517471 0.839810917393898 -0.0154462946044938 -0.0282346103753776 -0.0456844130567581 0.028052254831118
-0.222839544114568 0.266847317729123 -1.30221095890141 -0.109005421508445 -0.449473969077708 0.936583228853691 -1.86671363620703 0.0876118630860161 -0.0262580233978408 -0.0194392686052406 -0.0250127830604314 -0.00814053694104194
-0.446500615987398 -0.531540222388681 -1.37058449382125 -0.89001919224263 -0.459042972090152 1.56453006928549 -0.226386486099919 0.0782747178319466 -0.0473720837928721 0.0061241583579948 -0.0321387528052379 0.00308774978444828
-0.705431633301243 -0.581248561525854 -1.08393170365897 0.326869787454467 0.0684422383454241 0.934695082839141 -0.569833657649115 0.806037012443068 -0.0559714770440392 0.0197149275080241 -0.034500351682325 0.0070986153285754
-0.551437460011618 -1.48396703267394 -1.35942523878293 -1.02174466149291 0.0786680626623744 0.011118262569637 2.29397858947087 0.811008382137035 -0.0786844283551624 0.0644601418940921 0.0463927483907949 -0.0481418327452202
-0.752143173373106 -1.40501359468615 -0.563863623735576 0.346611404716633 0.4409452180549 -0.665135787658759 0.458385068740048 0.844728434849982 -0.0852021816979624 0.0796708040418137 0.0155898213745765 -0.047058532093692
-0.62617057662199 -1.44634346361931 -0.620331028891272 0.412264869039573 -0.158012911592178 0.283268958273979 -1.83089895747183 0.182264037865528 -0.089082171609174 0.0892276054646397 0.0223256171319062 -0.049391673858978
-1.06784615080822 -1.32769777456683 -0.00188665790430779 -0.358710784740456 -1.13172043338451 0.665047661427541 0.711828055209508 -1.02824406011218 -0.0862571446772172 0.0822322011379223 0.019087309828661 -0.0484164456475323
-1.09097074202357 -0.726735297602946 0.399709177311134 0.878567008295218 -0.779415275851556 0.258881327360714 -0.284121904679572 -0.424279302505984 -0.0638687832695635 0.0338170702349135 -0.0104669979205993 -0.0269838618358679
-1.08173082131638 -1.38053017108568 0.07126200723159 0.112482857627403 0.251846882318603 -0.307385285332657 1.17425083255771 -0.808949181913722 -0.0701061626317108 0.04605205246897 -0.0110670363311882 -0.0263147485357173
-1.21659361847125 -0.923926943465814 0.147100903485975 1.7113301833663 0.653541151057407 -1.28097704526125 -0.701577044819192 -0.773504117398012 -0.0597568885939432 0.0262808330710487 -0.0170622972585666 -0.0191180318902829
-1.28739161214001 -0.9178911651708 0.244097934840936 -0.220267330126753 1.61357980882141 -1.30114344472763 0.644075046664743 -0.691975953710763 -0.0497985977136055 0.00977273440263945 -0.0193337439076827 -0.0161485759233337
-0.65907927206805 -0.340869374760205 0.281224853640704 -0.423211564320291 0.729842800609745 -0.50596392347338 -1.72505109218646 -0.900489512050935 -0.0261254759190625 -0.0195647080305413 -0.0382935574301011 0.0138427686862924
-0.50398437364977 -0.375817268501511 0.138665045463967 -0.696606973892294 -0.471660918154843 0.433692068325482 -0.083945646492734 -1.85056537048752 -0.0127979718424641 -0.0299454961183432 -0.0599048505989043 0.0593661001511851
-0.389590747094089 0.0261544699136708 0.0853116931304178 0.752892373546855 -0.0307020385678705 -0.589983672878498 -0.244276598269016 -0.844035910821668 -2.85475413000547e-05 -0.0357452924379819 -0.0671200296759085 0.0772540721990648
-0.299782656563584 -0.111888386065666 -0.514453969747278 0.574800785529668 0.995882277691277 -0.688747401029654 1.36146687012247 -0.528682510391577 -0.0145586094663123 -0.0288275241394559 -0.0579507102275739 0.0547530667015932
-0.349214304799038 0.00369070681906988 -0.557435542773997 -0.944775180352421 0.396825631999155 -0.889759135647416 -1.65407372018514 -0.649751492243458 -0.0200170955786351 -0.0248711929226425 -0.0516577144013406 0.0405686375913907
-0.378510348725535 0.193508547665525 -0.261795959231804 -0.508049596681389 -0.7311625992589 -0.6892618346921 -1.30227036956137 -1.13013574008219 -0.0172733769014062 -0.0269525276508818 -0.0540931203736894 0.045936565428869
0.265212992594156 -0.793471298975241 -0.0735890554327361 0.12052337424405 -0.759585225552198 -0.273219538403429 -1.02386644201826 1.02879944730838 -0.0130432440670104 -0.0297943773550292 -0.0177966222609057 -0.0181726465957542
0.30047244802582 -1.71737611488116 0.854934524191501 0.0435522446627708 -0.252192476672953 -1.74111608848299 0.719999804296358 0.9684497736542 -0.0130457247982597 -0.0297928412631628 0.00789183870652584 -0.0429553384558347
0.446511728982106 -1.32768729561394 1.44584004825554 0.102621115980736 0.176462490031309 -2.48192276580976 -1.50615287807184 0.955074196872047 0.000194313982093182 -0.0358104883966796 0.0102281745997447 -0.0443626376287223
0.748699634098324 -0.896321660461789 1.62895408640161 0.569065607297602 -0.911160321355031 -1.20354608159577 -0.891494824551947 -1.5211158192198 0.027087688543458 -0.0346043767507282 0.0085649664214621 -0.0433752758832134
0.930534390972791 -0.64481775783253 1.93423930904807 0.882170801515821 0.284468831232434 -1.13093765108148 -0.788207843488527 -1.30163996266488 0.0571952445439096 -0.0119011679386114 0.0207134082348512 -0.0489400510929874
1.36509306737455 -0.721402304961878 1.40299173366103 0.0847901345420142 1.44735595162155 -0.910268380709081 0.241351300504244 -1.75403833207772 0.0875871636841753 0.0338940527363954 0.0410995415120411 -0.0497017199280784
1.83913417788988 -0.0704239179509169 0.981934536212894 1.06516687670125 1.64597022326168 -1.12298040054918 -0.756116658505969 -1.4832496640754 0.122491691235286 0.114846717943916 0.0638681879682508 -0.0378467683561767
2.07974131091698 -0.181763153827787 -0.103962813892052 0.536082047362317 1.92295340962961 -0.853228737445196 0.536943299049529 -1.27809666286851 0.110888605224632 0.0845721423367955 0.0705462333515798 -0.0318268870978812
1.95098899850487 0.26821473895021 -0.964136852111512 -0.764860830699178 0.373853942868246 -0.920602595633275 -1.21339830587519 -2.08557657255202 0.0965830556451499 0.0518579216987196 0.0469283972163882 -0.0479436058954801
1.66042783964314 1.08008874861907 -1.21559371963146 0.25295175227756 -1.38046934217955 -1.44851546526919 0.0612813309439788 -0.582524283603622 0.0923689090296115 0.0431919809678714 0.0321017390022712 -0.0506905764897444
1.4121370304984 0.381611392972264 -1.63077296102425 -0.0761480013315357 -1.24982512804647 -1.79756381573776 0.883550182399822 0.382311333182416 0.0613804669883865 -0.00695946277426574 0.047855434416664 -0.0475830045677637
1.346960359681 -1.78571969376716 -1.34072955975774 -1.36924167134823 -0.607525996171768 -0.990274015184845 1.02641108747272 -0.527672082564675 0.0587866527881065 -0.0100734707317708 0.0730513640909242 -0.0292711758855117
1.19281799625224 -1.23730647137413 -0.740950963273937 0.347746377112776 0.0977095230499128 -1.83009823273669 0.584423399837523 0.540574046156491 0.050498023915196 -0.0189020965681005 0.0345012597927223 -0.0506316016412415
0.760308777073643 0.000477757575947532 -0.804877754022186 1.28821355114956 0.995085580344896 -2.23257187452946 -1.70733693971877 1.55970476748776 0.0376677285746898 -0.0291968857223719 -0.020382208211239 -0.0147329112767985
0.217104206786797 0.20633930151055 -1.30277771720087 -1.25298401261484 -0.344464482734437 -1.65026346901489 -1.16125438737117 -0.252755491497493 0.0133449760493033 -0.0374693514694042 -0.0254293881988014 -0.0075202423011348
0.0914262423053984 -0.579998250145233 -1.17078251186669 -1.9744574504713 -0.860308566704916 -1.10767602008715 0.526814727315307 -0.89800833157376 0.00660768884432696 -0.0371571061730291 -0.0287553216438879 -0.00240721308717957
0.309854775628673 -0.371533057605939 -1.04980978693594 1.40361833272157 -0.387577230936628 -2.21864347896172 0.852172804229588 0.877362578394742 -0.0106067380225388 -0.03122914492354 -0.0245751859944716 -0.00878725348802083
0.133588198342236 0.0249839691429582 -1.32207866699863 1.06457299141813 -0.65054103305007 -1.99600328716053 -1.28485687566927 0.63431651866791 -0.0370014388171915 -0.00781816517931664 -0.00986763950254571 -0.0276429212136759
-0.55485336475181 -0.807018350711909 -0.90879638222765 0.150281133822658 -1.80774343191358 -0.753525021651501 0.196970007930421 -0.585621854719817 -0.0592730605848415 0.0254217441284111 -0.00959199024302392 -0.0279429084928765
-0.647361643205021 -1.55253714246911 -0.735178072039609 1.62952404225675 -0.166760731832231 -0.225635656114648 2.05738653904445 0.310333751711233 -0.0726342174080812 0.0512866938245048 0.00998599830188286 -0.0442233199888959
-1.46386240184569 -0.297520476615932 -0.105749648683124 1.56607848356699 -1.68443406783608 0.0658660031413545 -1.09358274762862 -0.593382532637663 -0.0892674684683521 0.0896933826663271 0.0266359709748482 -0.0502690134804674
-2.05659138712437 0.551400730614574 0.717999269547321 2.46897595925208 -0.102843250031321 0.25548704434952 0.412938437924934 -0.0499106505038157 -0.104287354720105 0.130290158119224 0.0916357436559695 -0.00524346743370571
-2.46041218016711 0.185622017850966 1.05791128117956 0.263555584337761 -0.584918492299478 1.59827559020235 0.463551973129495 -1.70504330726183 -0.104808101464972 0.131798360184497 0.0873319134829487 -0.0116026307878213
-2.15943273022194 -0.356069663685438 1.91577277565826 0.326723635274532 0.0320176593472134 1.03905209529614 1.31018884793797 -1.43194716656943 -0.0809521090457744 0.0696323749377942 0.0421275892664687 -0.0494554577579097
-1.42676085348838 -0.287225705645056 1.72069325907537 0.592058435493987 0.700804689244365 0.267269284983652 1.43221222020777 -1.00773651079391 -0.047462307822127 0.0062571990961443 0.00459132410857342 -0.0407266893710648
-1.08871644878122 0.136124611039705 0.767876599056257 -0.052923317566728 0.306078641294865 0.341411381845741 -0.285081000807598 -1.2283444604315 -0.0306859556283384 -0.0149975373891922 -0.0113772364674918 -0.02596518782012
-0.690861750277963 0.426778630427658 -0.374377422698919 1.07883928123997 -0.378942396974936 0.449700158724835 0.502992779766834 -1.37041625840499 -0.0428074603680566 -0.000342283269577532 -0.0284296458178971 -0.00292051653255567
-1.00816598715856 0.164308323034863 -1.17912036782378 1.18320371486971 0.69001953590862 0.343926477451578 0.478348005856688 -0.120815493022805 -0.0826585580518978 0.0736089035583261 0.0134660011682724 -0.0460795725792783
-1.45144496569679 0.00809247026814876 -1.1484411259639 0.776994426995884 -0.667858013261513 0.771508622260825 -0.473190624102068 -0.27587915408064 -0.121973967755592 0.185292202840871 0.0502454917686068 -0.0465507967408119
-2.07693161812834 -0.577290072145434 -0.902854073402623 0.711489706674124 0.509530326268052 0.385688727704242 0.872507981536314 0.877824131265502 -0.142896435836201 0.26040799851874 0.0734746770724378 -0.0288232860722688
-2.20622887123106 -0.817075977933537 -0.142072468284807 -0.687554891071621 2.14007352856112 0.0785932089703963 -0.889136439839821 1.34790286150877 -0.144634567480011 0.267138300525618 0.077176029066218 -0.024709625234422
-2.03437004856331 -0.75812461914976 -0.260662600621887 -1.3926742683474 1.22713958370865 0.475367399361402 -2.5287598995449 0.323808061392248 -0.121365968606592 0.18327224162214 0.0694965043418405 -0.0328495572982227
-2.10584948091964 -0.712702905795518 -0.184922436152072 -1.56503165422993 0.69825976320669 0.523906766245396 -1.26758878923272 -0.422176233547616 -0.107832351098745 0.140690674318074 0.0588507104448553 -0.0416109272784488
-1.82297496623486 -0.436770691777269 -0.0119730341099723 -0.7241782696703 1.4284950422024 0.00843763458924269 -1.09788107558125 0.0767813595529884 -0.0845539452726893 0.0781106558132945 0.0352418910153738 -0.0505833251526553
-1.45164988020138 -0.402905627170219 -0.0801246124078986 -0.130293508945262 1.85133322855573 0.200417288201724 -0.37314343292788 -0.142199368068662 -0.0676750676870017 0.0411681844132088 0.00788270558985446 -0.0429495600951662
-1.02311541870454 -0.39170057355209 -0.0501500420067927 -1.0088051416581 2.78702662691986 0.170855346848555 -1.15652443210506 -0.278803128872832 -0.0573073298336482 0.0219912884292935 -0.00796033524552189 -0.0296783860009059
-0.413316846655997 -0.192969615772563 -0.0897942966385856 -0.759451563636958 1.46285741450716 0.498500910433652 -1.96048849508873 -1.07665007655751 -0.0253908457660556 -0.0202520161389054 -0.0311090434995659 0.00138407942001541
-0.241221349237954 0.183562991290783 0.220876406981763 -0.755420331958592 0.491567813996949 1.01107208146762 -1.31352070572384 -1.51035110960787 0.00454162752706221 -0.0368350491911016 -0.0410419404533997 0.0189617558719076
0.196120812566389 0.452445640661811 0.414518241408204 0.0180050043589343 0.720251497708947 0.839012508712428 -0.586842145096088 -0.684653405315645 0.0226156335892652 -0.0360525198964734 -0.0478827455802733 0.0325513047573928
0.308843336518562 0.0109499621599501 0.23533075315434 0.14502758177284 1.39627154376827 0.714329948066162 0.823281815436242 0.597475527466517 0.0156607997317938 -0.0373158225479349 -0.0447793518846309 0.0262363002130877
0.747162329460309 -0.948738007887176 0.306533587961514 -1.49899281735007 -0.40480347404171 0.404319787864799 -0.221714261976213 -0.465424103242445 0.0130341614290443 -0.0374797992540754 -0.00639634161360327 -0.0312772683052436
0.497738569192242 0.159409644760272 1.14325024339823 1.18670475722152 -0.789107507863732 -0.200598256460162 -1.80820438300196 -0.79576080295496 0.0371419388275719 -0.0295313936834773 -0.0281684392398765 -0.00333022657055395
0.395126356093543 -0.428570962575947 1.4843859807431 -0.786056605351076 0.382519863484291 0.479310937358436 0.668706840964342 -1.52498037278106 0.0486546008479846 -0.0206332241663601 -0.00408746585667587 -0.0335220209522855
0.980973933602534 -0.0652429349263534 1.9150310812534 -0.665196274420861 1.07120164229894 -0.280381863285488 0.247098230274089 -1.65493893063716 0.0948783127809986 0.0482990740246101 0.0402892923938599 -0.0498765494830016
1.41909425518665 1.11509666392277 1.2705026248084 1.39944355981159 1.1783837484539 -0.681198073527265 -1.35916531479699 -1.25215564665566 0.122725012476412 0.115489857470866 0.0569985463714817 -0.0428359087008962
1.46857056688829 1.15580081595808 0.377994786253532 1.02554932306411 1.46030717992286 0.229196663151309 0.398548046616621 -1.69931584377943 0.111344137220313 0.0856975259097036 0.041163010224572 -0.0496873080498786
1.30493092234007 1.10903823033532 0.355423688223673 0.263967893545018 1.62349983776581 0.161519461076845 0.906502409480894 -1.835503548229 0.11028981193561 0.0831006894285334 0.0421751202869805 -0.0494434109369391
1.74576608239458 1.94045066122034 -0.126766181972487 1.56089118304025 0.821079370556123 -0.624918931770368 -0.109973511345923 -0.804811706349648 0.119851970906877 0.107664810029754 0.0495743014339109 -0.0468555858376411
1.66911504939365 1.90779764330124 -0.813787597851017 1.94993881101726 0.837940007580997 -0.134638866703859 0.241823192480079 -0.837285148774963 0.10840502361618 0.0785273216674083 0.0520792052212669 -0.0456587077834397
1.81147089651075 -0.781943482827701 -2.01488307627945 -1.41504432481821 1.65728336982604 1.10126150758374 2.23247256893484 -1.35771469795128 0.0945988283784547 0.0477225180506744 0.14813231021035 0.122651523365423
2.10318775091853 -1.79336816257304 -1.50679009465796 0.744433185506975 -1.90152206420347 0.670122214533003 0.919977756205594 -1.90452882502781 0.0793197742031581 0.0191607203150863 0.174701753000501 0.211337342216172
0.83672770980871 -0.0879890288549367 -1.34031326175815 2.62718097681385 -1.59091572154098 -0.539513737064682 -0.0949504670622299 0.126380387360611 0.0429197683587555 -0.0254779665662075 0.0140859583457377 -0.0463773932596227
0.029945746452062 0.514973184589135 -1.06104301048744 1.69265641440642 -0.487726756947132 -0.131719275955506 0.210787247008288 0.283307102939183 0.00813564350055116 -0.0373269564944057 -0.0263231904423548 -0.00617429069929969
-0.378658296874244 -0.0793445800098011 -1.09184779530174 1.43489690290483 0.0786123266112725 0.0593873751165719 0.916191906225482 0.783622761666198 -0.0126023299901035 -0.0300649629972055 -0.024884217008108 -0.00833105607138764
-0.693856465338603 -0.304933338939924 -0.992052861934739 -0.754747223037335 -0.22294120908411 0.39548741199412 -0.235529995358317 0.0848227330873906 -0.035429519269531 -0.00969788208307205 -0.0224978873314631 -0.0117897007489351
-0.937113997715072 0.116633650299392 -0.592043034765074 0.379052737794876 -1.88863775843843 0.163065455046594 -0.13486030829402 -0.160146345158527 -0.0526425657535132 0.0142355049930712 -0.00433362689135452 -0.033289262226767
-1.39222785068627 0.37395620218746 -0.264009446719973 1.56167434841147 -1.11972672294244 -0.0480922594704524 -0.117554945340227 -0.0372829113679929 -0.0675940955266981 0.0410080489162822 0.0127071171581902 -0.0457014822706107
-1.65662247068397 -0.031983448003358 0.419023504525149 0.686046398894146 -0.450383536573686 0.605133883187279 1.13138980221376 -0.121710127456626 -0.0783281715570494 0.0636592055903702 0.0109834117534524 -0.0447873649826988
-1.52711093769892 0.192425321797475 0.82899212018114 1.58691289940416 -0.280865673299437 0.403376725358194 1.47663802183838 0.0885457955841169 -0.0673967844448019 0.0406185176380201 0.0113973152383626 -0.0450138769942145
-1.36039667023438 0.544918976242251 0.385623235596487 0.380494229429084 0.185749224394099 0.618234896741395 -0.29250911681719 -0.365033770719457 -0.0710287638344589 0.0479439797402333 0.016499337602021 -0.0474420922175358
-1.08395112388461 -1.01285415441778 -0.773229636924011 -0.587903345621955 -0.750859359480232 2.40466637100123 1.75187037634827 -1.38646623030224 -0.0740450300297839 0.05427709284051 0.086226406881183 -0.0131587543057789
-0.453587423915264 -2.2688019959401 0.0191911688911472 0.856965416934324 -1.76459584743009 0.804103194778021 2.20808140808726 1.71251718630063 -0.087300758560507 0.0847932931123128 0.0986810234126309 0.00620027775217069
-1.17633801408943 -2.64818283532554 0.800832479820564 -0.584288883660694 -0.699427091748832 -0.373851603293042 1.03768111846504 1.80741769140053 -0.104613638752864 0.131234362083825 0.0957900644103576 0.00134915284287686
-1.2606384124573 -1.63715286274973 1.58187532361698 0.540514390250055 -1.8453078220223 -0.477650700959818 0.0802518726130982 -0.0771587993836875 -0.074121443242856 0.0544404744731804 0.0455661588843552 -0.0484331672273436
-1.08939860647594 -0.827675632522807 2.34391757327512 1.53316067139078 -0.461239945125637 -0.129352074803813 -0.559015768437336 0.0327151429546074 -0.0423820763255736 -0.00091848970308781 0.0198360497803323 -0.0486660352324493
-0.644138878825774 -0.842241209419002 2.35507524467096 -0.298707592180998 0.940434085473957 0.583358320104969 1.94727954872675 -0.612917587622305 -0.00747907444525167 -0.0328543780441598 0.0121923922530137 -0.0454365596391588
0.287225486959279 -0.193139212454613 1.6608880413852 -0.590021594715273 1.47388263073517 -0.00793677116002381 0.427709335076646 -0.196356848784793 0.0397586200631123 -0.0277985842487497 -0.00369344593407407 -0.0338913265913668
1.11263853396746 0.624629487153534 0.126668735301314 0.0678363922985004 -0.863165023807162 0.66685141512342 -0.740400273715761 -1.2288227625898 0.057562005380936 -0.011485539709907 -0.0277071402170511 -0.00404947759952492
0.762323762480504 0.479873850392134 -0.749042589579339 -0.505697433867996 -0.68634987865105 0.576447163903648 0.860423694346744 -0.60161890004572 0.0335721287075885 -0.0316205977362461 -0.0404496964707147 0.0178421624701925
0.584016661566014 0.64353102227683 -1.3467712597368 0.963336033648572 0.233786569451965 -0.0754581010300317 0.512777884434529 0.757274615585441 0.0157162889308183 -0.0373105066733572 -0.0403596849086343 0.0176727963770646
0.265978157860109 0.0241750398829773 -1.63298408713841 0.178878001862438 0.652453365165713 -0.00792402687697684 1.29868397896211 1.14691050028894 -0.0146460445112364 -0.0287699940162413 -0.0215409296261029 -0.0131353034520352
-0.12462181018718 -0.408098139353399 -1.31268088213446 -1.51550795524614 1.02862029825314 -0.188068733314082 -0.797365782558926 0.852150484575031 -0.0385350144804359 -0.00592504370721727 -0.0268480014299493 -0.00537436548925381
-0.121764884671796 -0.180762236428246 -0.721976642523877 0.257782254252658 0.605718981279707 -0.0666730318640502 -2.89852603880777 1.15623634220263 -0.0293291223608367 -0.0164104456719435 -0.038887115845542 0.0149317591082366
0.476107312080809 -1.95501226604256 -0.438302579883727 -1.77520482211969 1.40121336521515 2.06256513187572 -0.115410107346754 2.72975982136796 -0.0187100811511728 -0.0258860341761803 0.0710141444559566 -0.0313618547815272
0.271369313710786 -1.69010564000415 0.30394269138924 -1.80501994080539 -0.633893344371656 1.70286388781445 -0.719673275005667 1.12396426391955 -0.0142578092607237 -0.0290239902987943 0.0485734263315779 -0.047288445247929
0.0485536160442318 -0.0478845534056224 0.359866486651498 0.0629130464912833 -1.31330281395901 1.08679591843822 -2.08263229051095 1.10378716110464 0.00182112032781647 -0.0362489551835215 -0.031649865870951 0.00227545964917563
-0.331679958694172 0.0109246768905623 -0.0426967242118201 -1.10102390574843 -1.11152388738803 1.26504837461784 0.246322219614808 0.202696207613585 -0.018533122106328 -0.0260201679897627 -0.0535747259130023 0.0447811112922394
-0.46393113267496 0.441934391547322 0.240397885698017 -0.56460660835764 -0.80791050326568 0.576848782314781 0.0540876178120685 0.692185168871916 -0.0120973084409542 -0.0303689470060708 -0.0506371676816995 0.0383648367539876
-0.384302086633342 0.614408547540686 0.257482459755085 0.291147066571505 0.0882712017496402 0.377245828344112 -0.386962254995509 0.80352255024788 -0.0130432063937361 -0.0297944006814906 -0.0574189465636206 0.0535148545813202
-0.345700975057563 1.00112744344156 0.490703970669768 1.20542743406443 0.255952434670997 0.722584005694618 -0.397266011533601 0.514492704689448 -0.00026204182600021 -0.035675660162215 -0.0344607152305228 0.00703010792941674
-0.382156987896321 1.27597167755886 1.26287273771181 0.3512899553692 1.02255756900929 1.0041328944028 0.457947627485997 0.158315784529201 0.0199331933293984 -0.0366823627649262 -0.00358046059233125 -0.0339964843658085
0.0311030692082553 1.65242820245292 0.73104728037456 -0.432171763612678 1.30803101457108 0.791509676474194 -0.79162045955614 -0.23904304350752 0.0371554869145416 -0.0295228607252404 0.000457444253876123 -0.0375379109213203
0.0402492228713385 1.83261781751869 0.130842681660364 -0.121838791457543 -1.26625048176888 1.45917058601877 -0.062437425400226 -0.98138625354879 0.0285283790196998 -0.0340318627475625 -0.00667538154210767 -0.0309966401486329
-0.237683928150732 1.60603665664492 -0.0373870576831936 1.45461264110221 -0.572453039655441 1.1921726216543 1.33692300941801 0.583695013691884 0.00482570916777083 -0.0368856303800372 -0.0172057797541554 -0.0189344057667195
-0.525898192898173 1.54680581577836 0.201048809814972 1.41722470991538 0.494404538223657 1.03095475375137 0.420310347233933 0.872526069300582 -0.0119651032957347 -0.0304474761070138 -0.00472316042595093 -0.0329177349416976
-0.844321650546199 1.54912773611943 0.953176072291522 -0.609443560309454 1.03642603989123 0.653461668219437 -0.282000136176758 0.435167455140225 -0.00573019821099459 -0.0336570359160838 0.0160882060658175 -0.0472713598773913
-0.744515553210027 3.48627505201681 1.30422085149111 0.101101090068187 0.113691412158062 -0.917360645484768 -2.28608252627147 0.336874955494734 0.0459203119177751 -0.0230452113910101 0.170181501479467 0.194960449726909
0.110173240854795 2.55499723177113 0.24853518719643 -1.85448689975185 1.13481003069079 0.99953719412981 0.466935626133104 -0.0933026676608834 0.0554998892219812 -0.0137789147283961 0.0686696480806786 -0.033635035216334
0.558185219259999 1.35562396529685 0.0214029857398475 -2.32279360822694 -0.763204538661566 1.20366457831595 1.47377493427112 -0.938805767004952 0.0749154867836457 0.0120062309894138 -0.0103238537964181 -0.0271421087234471
0.503728665826971 2.74797822997134 0.112349963046605 1.54649603985853 -0.448302731639003 -0.569391563204504 -0.286114584715104 0.977681051690075 0.069563265614988 0.00396160654888785 0.0381249636615027 -0.0502603033420007
0.0666547893948822 2.60577645645765 -0.443075821519353 0.0628081396009128 0.0706114739550343 -0.79963249136663 1.37520073987578 1.42208407367617 0.035722374576675 -0.0304001618009161 0.0424198628418604 -0.049380455531198
-0.384874309005332 2.71156289918335 -0.671026210611056 -1.69914512453743 -0.75125620092131 -0.710446388716944 -1.05534165402677 0.802651149811444 0.0114996013863333 -0.0374961477034195 0.0709170818423223 -0.0314587856808723
-0.773905082400853 2.62741965215388 -0.416639190107087 -0.875440836785603 -1.73365866617693 0.0878773786174682 -0.552962688432746 0.836621905095482 0.00381620188449629 -0.0366967742291266 0.0591290804950616 -0.0414191502781435
-0.927365197742 2.13040231928134 -0.53471786709261 -1.23101380048249 -1.43875608624534 -0.131406219310697 0.652336069201038 0.982579106162096 -0.0174156979419992 -0.0268491720713763 0.0366838720049675 -0.0504486352783377
-1.06870506008656 1.99029741806129 -0.0295334537827173 -1.46750825174361 -1.14384524629811 -0.627308004964696 0.131671253689954 1.70292582432421 -0.0209038104447863 -0.0241584935470031 0.0444650096596605 -0.0487938224010806
-1.1794933844278 2.45513473886187 -0.214217066237027 0.125978162991399 -0.0889273694758054 -0.569982712543046 0.00422002280184022 1.20678826591663 -0.0143841006355721 -0.028941777930144 0.072857111415677 -0.0294751552955323
-1.16437718473435 2.12202910480378 -0.492759889647922 0.195779065293378 0.415141575836548 0.526332710737935 0.889946407835079 1.27042551952483 -0.0340983406338559 -0.01124163486547 0.0511822782123999 -0.0461059215484982
-1.32373516886749 2.07517772887242 -0.187100546960557 -1.267046153399 1.2808158060403 0.348401444504995 -0.76490012491116 1.05225774578627 -0.0389704246324505 -0.00537688494932839 0.0685462408641193 -0.0337507503653693
-1.18234115086956 1.60252981624396 -0.16796911647281 -2.12310155576438 -0.803519683863679 0.904121987732765 0.082301816376247 0.0509775484624346 -0.0258955980244208 -0.0197812217731021 0.02971973722967 -0.0506018425202244
-0.71072595245216 1.58666502725852 0.393648442279142 -0.903296723007363 -0.720605184406594 0.438563315592695 -0.630670870322478 0.340445093920634 -0.00336757399624649 -0.0346205137671747 0.0048976863722374 -0.0409454198135303
-0.626052768145693 1.36520264179242 0.400191389412472 -1.87920976466445 -0.568847495039424 0.386977128443595 0.615830826737605 -0.00946689717206911 0.00838946944130428 -0.0373495450871286 -0.0117756435412525 -0.0255125772036889
-0.295030138045707 2.04244663873549 0.476248534611101 -0.595800034302342 -0.265722732697847 0.0363162130687941 -0.795087249133096 -0.44844794840459 0.0252004221823692 -0.0352762081157827 0.0250062044485241 -0.049993778775392
-0.349970470828567 2.33537928723113 0.0956156171495451 0.0145793594151225 0.300250263607688 0.144606051451759 0.00549983105258629 0.00620695102238492 0.0246141194944245 -0.0354668762960366 0.0315618903126039 -0.0506833257459479
-0.538579029693129 2.20720593826942 -0.0596370428163213 -0.209552147133678 0.61742424928268 0.466419164246512 1.10073555133667 0.263700924872475 0.00856708199986812 -0.0373643978250337 0.0346478948550285 -0.0506231698370764
-0.513881446473954 2.63443882459628 0.136968840931657 0.310480464791766 0.446968257300435 0.285494127820499 -0.310854538121937 2.70125217964544 0.00476393322319304 -0.0368748019464312 0.0674056938908333 -0.0348015649208679
-0.0166788212194517 0.654138514546138 -0.579220467256444 -4.4391506390643 0.151457601309544 0.695577253189535 1.58760450145462 1.12782038712154 0.00360224830289663 -0.0366534913748496 0.030797659922602 -0.0506601741177911
0.721713150394226 -1.28976151495864 0.680447774152621 -1.92519571897627 -2.65115334951575 -0.691860160665108 0.215359716527918 2.42320110375803 0.00938030867205567 -0.0374223776799013 0.0508912224543409 -0.0462465727598543
0.160929763371911 0.257601721388952 2.03726119381212 -0.816365148340979 -1.97037681972237 -2.66697839460331 0.198950672827917 2.7001224759829 0.0103380937099037 -0.0374695587567607 0.0116847549740101 -0.0451685739017385
0.247004318617366 1.30999745071471 2.26470543409588 0.307422075242819 -1.40131179334336 -3.02403351062986 -0.68709315880564 3.33891347951766 0.0368220191197126 -0.029731560544834 0.0202720917523694 -0.0488047078317377
1.06848922100697 -0.325228335096712 2.35107647119605 -2.26871424934926 -0.386613687824168 -2.200157846605 1.7729526664851 3.48413383412215 0.0540068173204824 -0.0153733836667901 0.106181579748148 0.019794325261628
2.57616859403397 -1.86197574331937 2.28382188793178 0.0976488873406963 -2.46966524607868 -0.821357048576169 -1.92433376754712 1.82716846693138 0.0917883259335236 0.0420327101669257 0.239698110721117 0.505245685807255
2.06384791653758 -0.898249610543129 2.27690154515009 -0.707189635562602 -1.38504809757879 -0.0925134913380136 2.15901650084224 0.684979314061205 0.0782726257824452 0.0174159533112106 0.164128762495721 0.173858870982314
1.83816860444982 -0.0725149537042392 1.7035579264428 -0.05957479114848 -0.717618722126578 -1.305490327048 2.57355731047231 1.12872664685288 0.0911739467245672 0.0408150921052485 0.0928214000108484 -0.0034074271887871
1.74558882402069 0.332344298768545 1.90988798052786 -0.190645481659705 0.326903596084383 -2.24792262344767 1.30847593817994 0.194863804614355 0.100955538869251 0.0613166092376721 0.0972704119836235 0.00380622273757915
2.19188669518161 0.481912581262847 1.11734499131614 -1.00551303105589 0.808524086467519 -2.06949165901933 -1.15450405561354 -0.623545595294204 0.133372913544759 0.146281909825522 0.136225895570093 0.0888330365621082
2.68206579133012 0.12794757723467 0.917302844812321 -2.4407942893595 -0.294556567271177 -1.99348737958915 0.917021338836147 -0.920219792603886 0.147545595284364 0.19164395015292 0.160438697816478 0.161459138298415
2.9077906286134 0.148524533498946 0.279606934018321 -0.373344890392447 -0.787840283763662 -2.10545836252354 -1.22718035931213 -1.09661622174948 0.159358617075012 0.233272910252908 0.159041556506351 0.156856228483702
2.73466553555138 0.46273534977053 -1.19415132028693 1.43151273995033 -1.43373798864313 -0.957630117192626 -0.487145607550863 -0.613253169832489 0.132580698504758 0.143893801529953 0.133647582470683 0.0819926240840281
1.98412091517179 -0.176045857606948 -1.78963959835606 -0.413409398534879 -1.12271685834307 -0.68671315738789 1.3212375639799 -0.91476237203638 0.0839422092536581 0.027188736906577 0.0772277729506925 -0.0246496061989409
1.44830713994629 -0.298879374286951 -1.7699427551444 1.79775260193513 -0.650393268235078 -1.24940681783506 -0.0777843774192605 0.33563333161332 0.0525137083567637 -0.0169124158187444 0.0431726297609638 -0.049177110694898
0.822295011687989 -1.04518029086763 -1.77189755530813 0.680068939010018 0.101688518679965 -1.00848714119926 1.31752541417346 0.345122064930987 0.0129786520474285 -0.037481412150729 0.0288392626053376 -0.0505318987127098
0.393828985368966 -1.08095273299175 -0.93709708599123 0.152739954667558 1.20029016737168 -1.37753223932402 -0.101828242195201 0.978087277940546 -0.00452224593349995 -0.0341669930666317 -0.0133421313310691 -0.0236931664844585
0.483077473248078 -1.22722625309997 -1.22892861589772 -0.508123226588708 1.98610167490101 -1.32236429781683 -1.27373291069615 1.30794229806642 -0.00235840009516921 -0.0349897169857321 -0.00303772551811293 -0.0344970171317758
0.28653667139569 -1.51915813380571 -1.20781015203408 -2.03606080632705 -0.361074081699785 -0.162354056924953 -0.57517833841231 -0.67582433502625 -0.0126050330992133 -0.0300633188578344 -0.00145241614019005 -0.0359154311516118
0.474318887499265 -1.20647481745452 -1.02341638844604 0.0706037047980153 0.0722625568018503 -0.67833318522272 -1.44074222130418 -0.281126691371007 -0.00511094460761138 -0.0339230000117601 -0.0227371416568694 -0.0114495783006735
0.265245509082535 -1.43911116192391 -1.4387656609189 0.491032354198421 1.04037755244997 -0.477170945676848 0.462905187558752 0.139333362717671 -0.0134098005436199 -0.0295657416972001 -0.00614381336348138 -0.0315294980871573
0.294582026233802 -1.28029316728392 -1.24910180154163 -0.545334605866354 2.45813188085708 -0.644105779213514 -1.25007792493552 0.335695734316779 -0.0169007552702376 -0.0272207434082672 -0.0124510807162032 -0.0247358673594966
0.396372014831764 -0.815867437927096 -1.54164895440513 0.0334730777549536 -0.265263937090607 -0.0620234405477571 -1.87390493168616 -0.797887814070114 -0.00782923465162249 -0.0326845247175336 -0.0238755209092126 -0.00981098628823504
-0.0460644840220146 -1.11393324423362 -1.42316423360211 -0.614996984992337 0.273051004766466 0.120563104404524 0.305917150467637 -0.661729019752592 -0.0159302882703515 -0.0279030750336441 -0.0312879902576469 0.00167818104437792
-0.0780784295934755 -1.0231123422897 -1.00903596193919 0.532916354652374 1.88258630381039 -0.621517937190388 -0.0519458064161984 0.424920048020361 -0.0189028368545014 -0.0257390399021543 -0.0381375117906467 0.0135579872611501
-0.100878318466804 -0.978788896435024 -1.49015574138542 -0.774995339416071 -0.136559573252617 -0.062017341137421 -1.15722841263286 -0.58208800513919 -0.024517685162315 -0.0210514638695108 -0.028229042774413 -0.00323532538659013
-0.569906374342857 -1.09318168707223 -0.941882245746999 -0.33517434109479 -0.286915563795338 -0.216587363567707 0.0318382225930799 -0.609655538289445 -0.0431565882834897 0.000133994425052057 -0.0462703663467361 0.0292392346453068
-0.604752803195925 -0.717931732419627 -0.4470046788314 1.32304496042767 0.698211740669924 -0.504024864569478 -0.52323703532627 0.234103011039056 -0.0391170666093671 -0.00519120832939558 -0.0499850051579835 0.0369706424788899
-0.787714714312384 -1.13802364022179 -0.404727122623401 0.260189350029239 2.06520522038864 -0.351558288893689 0.027325889728762 0.186125995115036 -0.0431734907189654 0.000157129579312328 -0.0434891340568043 0.0236841757661793
-0.493975912173988 -0.642378458612985 -0.346158471065281 -0.710835983384971 -0.0271062228165001 0.270045802098604 -1.15538200445666 -1.78033747885004 -0.0279601648717305 -0.0177895509353248 -0.0476341494922148 0.0320362669076792
-0.150827691784362 -0.246461239908044 -0.524166620328865 0.804525764444376 0.100907762122972 -0.0975442912390141 0.00478198676763259 -1.43917722611879 -0.0198570065253134 -0.0249977798125519 -0.055402054803532 0.0488849902363535
-0.296195795898667 -0.33748380741236 -0.702664650897427 0.970044175790103 1.22842667472248 -0.00625272610347807 0.999130912748704 -0.426563608050987 -0.0410484010590516 -0.00269583751685822 -0.0364068803614882 0.0104418269902295
-0.573778272807191 -0.574085668118453 -0.374125077099644 0.299494906660878 -1.46354500637654 0.492737904040399 0.143783728867877 -1.66792153850014 -0.0543826757436267 0.0170653450188038 -0.0201022296601646 -0.0151137280481221
-0.887688392782131 -0.777587707301363 0.54852840011661 1.31362520073097 -0.368893205823117 0.0376766188457135 0.340272884554536 -0.847274494253652 -0.0504815047978749 0.0108259936450691 -0.026181266748401 -0.00638938944236121
-0.907280715137908 -0.874595979274994 0.980480235026031 0.77282176945264 0.967698227502023 0.0691132741342334 1.29406585858622 -0.702785060931685 -0.0421870903680401 -0.00118110400564405 -0.0231161782732543 -0.0109077117937279
-0.647979948720668 -0.515536428546745 0.78014930244372 0.222451117581876 -0.550363685775221 0.31190665678012 -1.2335696486174 -1.75634293287754 -0.02494794145608 -0.0206599011674265 -0.0314948163780394 0.00201913454316961
-0.587677025994403 -0.590734201699606 0.468670193376992 0.124235345286446 -0.446272716383522 0.35808030152175 0.168150604605279 -1.89504886528966 -0.0209607781928918 -0.0241120366805025 -0.0585571336465469 0.0561740493618177
-0.588684832314422 -0.473728231922593 0.418721059724215 0.334017145905432 1.08038883057963 -0.241800855735972 -0.0159095436398803 -1.15187324167433 -0.0191013970453737 -0.0255866523997376 -0.0589544237096326 0.0571101432576075
-0.286852638348237 -0.736090252560483 0.0876685935141402 0.875058819523784 1.66304992606053 -0.161129034973847 -0.235946240924718 -0.451794276639486 -0.00169385372016075 -0.0352190001437623 -0.056068754103999 0.0504037879223794
0.303240393290659 -1.48455337708468 0.0401859202531647 -0.864385718780217 2.83756432398068 0.729531819217744 -0.476057423485993 -0.399452419212178 0.00940129316631856 -0.0374236559830562 0.0194764920544803 -0.0485479875187987
1.23845396442061 -1.60976599637764 0.418288881426225 1.24893151127379 -0.660557814215466 2.26643333279956 -2.58740725500631 -1.16974583951933 0.0241745538739161 -0.0356042142618528 0.0785483186539688 -0.0230944388749405
1.15246273556494 -1.79797768663258 0.226445559792439 1.14311787902323 -0.200217996064855 3.34247428260675 -1.1581135958319 0.224282767553193 0.0122910376102262 -0.0374950338792108 0.105276160903485 0.0180761240586983
0.924735563130698 -1.58849889836037 0.814881287638547 1.11399006524864 0.109647364034916 1.69830934052219 1.59679503239905 0.84776493506145 0.00852462296227525 -0.0373609186148108 0.083279881717913 -0.0171519283320199
0.754108449326518 -0.81329153578403 0.517991992261207 0.130897616222625 1.53585729162187 0.674705484131725 0.406146417083059 0.571538992230643 0.0165503182420426 -0.0372213757816521 -0.0140863381829564 -0.0228065645298801
0.883305993914202 -1.58945469055947 1.01231971772775 0.642508275568049 -1.11770445989801 1.28469667694969 -1.56784594848434 -0.632837048236704 0.0145630790226431 -0.0374052336487355 0.0480491982627685 -0.0475048255829301
0.93327484197844 -0.896051009449291 1.77984655080243 0.953221260378255 0.0367043804185428 1.09106502467196 0.774836686692543 -1.05225829909968 0.0394351674485907 -0.0280220089802843 0.0480390362113183 -0.0475089498489589
0.903573942205952 -0.670769844790813 1.82379760243513 1.73173288968689 0.673224920692398 1.34551027936221 1.1581112345104 -0.518989135593182 0.0440588190977478 -0.0245808385246761 0.037195836161188 -0.0503878792138957
1.06388456712013 -0.191861021177121 2.0443507654208 0.244409737954955 0.719537755912133 1.31354647461263 0.0394057097729649 -0.528682839514829 0.0523551674429467 -0.0170725748718338 0.0470390517321124 -0.0479017313512713
1.43865013470655 0.248203323212675 1.59742620476862 0.739210771971228 0.0482587194050188 1.32354525592613 -1.09762794194995 -1.24336558542609 0.0739674617985813 0.0105293574776252 0.0292522928973111 -0.0505672058851873
1.47043891255323 0.32974576218405 0.714787424935221 -0.169878459742065 -0.535381477463614 1.85373499142941 0.652774848594353 -2.19946236534184 0.083280632710091 0.0260071395642876 0.0179483337003169 -0.048008969977587
1.59493115258813 0.77165250377067 -0.254556562025567 2.85211699124182 0.300467034290669 0.941953990017666 0.664802692597476 -0.622431455133931 0.0756665221071741 0.0131921026957564 0.0128802614751769 -0.0457890574549907
1.23464143807156 0.276368902790476 -1.25627224681011 1.82240080599147 0.739871119364825 0.989810870757565 1.88564507215702 0.0879485269628754 0.0398030573550474 -0.0277676858046163 0.0102820327463278 -0.0443934146313495
0.532960311856654 0.0084261669537323 -1.3812865329455 -0.335417614872008 0.83193387596659 0.832405122374682 -1.12052028793245 0.274446808849216 0.00806966906744733 -0.0373208227523225 -0.0209520660500029 -0.0139515488325888
0.420354199484461 -0.0470208664274029 -1.74724398981378 1.33168751595663 -1.18410853044815 1.28871693116225 -0.72269916106189 -0.343620502890355 -0.00610966398084159 -0.0334893432546494 -0.0150076321883986 -0.0216891504578346
-0.27501626095681 -0.34598862277495 -1.42914732402666 -0.272828256261815 -0.902072457391314 1.26160629708296 0.500876154647989 -0.470593301446731 -0.0308218701109332 -0.0148534814845589 -0.0389118859365406 0.0149774023777369
-0.543529139630483 -0.190414375315896 -1.42359907104925 1.45930137541423 -0.0518215492172628 0.408534975399133 0.279091815378639 0.838291451729977 -0.0462938511143469 0.00454991530452451 -0.0290013967972433 -0.00201755037095024
-0.775911028399991 -1.12681560296842 -1.20088283973465 -0.0267194396175154 0.532691545672356 1.05523472854078 1.85371676216083 1.45415554038888 -0.0733668846431035 0.0528334943577255 0.00899458123421706 -0.0436371692677446
-0.616385295320156 -1.64114713362949 -0.347623512668946 -0.958379922198004 -0.552066349701056 0.128790967217208 -1.35674947846017 2.31003528656161 -0.0915943169783138 0.0956150675950849 0.0501627681718333 -0.0465889911986437
-0.938969932110682 -1.21390450455588 0.256355135041131 0.245615187307723 -1.18494405367914 0.74513258439862 -1.83418880965532 0.317410531736273 -0.0756175391855798 0.057668599016225 0.00613637299463553 -0.0418050450288727
-0.697135505436269 -1.12020744322569 1.01522834752196 -0.810875137265788 -0.25426889162002 1.05862164963564 -0.0818296186086311 -0.624400950868223 -0.0429060440966384 -0.000208103402748078 -0.0206613488151884 -0.0143512160813706
0.0186052462595211 -0.348550970688707 0.894140843995502 0.0240181631410745 -0.119571506062967 0.566277953477333 -0.540297490374646 -0.740901627662642 0.0102534235573993 -0.0374663076717222 -0.0528870653806161 0.0432591028291727
0.416496918087309 0.0433911002694286 -0.391966818752175 1.31856520029291 0.473151877444608 0.464443843170436 0.589334159471446 -0.1372853108174 0.00913765937118519 -0.0374068003794315 -0.0650043432778567 0.0718693220994285
0.288869929389583 -0.249394133948827 -0.892453385606756 0.643900104071616 0.717999948529629 0.373979548373272 2.05562951202827 0.550522616751029 -0.0167852395843295 -0.0273031908483053 -0.0446136880482915 0.0259061986882626
0.0521723607256329 0.503333994052169 -1.10612710613381 1.30925329309607 0.249786050180414 -0.0965481088019324 -1.44252347508198 0.694616081421883 -0.0235645110715149 -0.021902510561055 -0.0303277437111272 0.000109703064314893
-0.356702349294731 0.0728014989086842 -1.22081228673517 0.790386597961567 -0.268725364342478 0.801902774030668 -0.538884223691009 0.084356554304626 -0.043592095885387 0.000732362357291047 -0.0207191062284546 -0.0142719873242955
-0.741112636023283 -0.291870971989859 -0.618034025860888 -1.04089664676174 -0.952659356633854 1.12070497822655 0.682580945496493 -0.821247031946773 -0.0436484664688098 0.000810158006407746 -0.0410206085509537 0.018921272008323
-0.865640416812831 0.0437052838973792 -0.191892637181596 0.308636097183196 -0.382651404974632 -0.0871531283483486 -0.248990327690715 0.0947035498524021 -0.032164401094085 -0.013405835274468 -0.0455351148590823 0.0277512372973545
-1.04133971562451 -0.0689562335755409 -0.41502261173181 0.865217419865371 0.0290600690514617 -0.36824535539565 0.848324197245353 0.676218230360781 -0.0456700083032421 0.00365230286321941 -0.0395966023904196 0.01624539524848
-1.15699941529015 -0.124174502854824 0.298637029197952 0.660412798299635 0.973507801224754 -0.162629953342346 -0.791235881157886 0.577543414551526 -0.0437855375710769 0.000999656357931435 -0.0353389078411617 0.00855749315582179
-0.996270111660097 -0.105974924828683 0.527409439094698 0.39322692098043 1.39837180987818 -0.152738675082058 0.0396211303229713 0.414916970105588 -0.029475917303738 -0.0162597941015149 -0.049481968083398 0.0359027631496802
-0.94930684767147 0.101956792652589 0.242804017727827 -1.41027120236764 1.02613009401648 -0.0814552827258525 -0.40498338987928 -0.508097696603744 -0.0255404799378914 -0.0201131099649006 -0.0423553109552688 0.0214769488536431
-0.504776637741087 0.912260159982394 -0.221304771730006 -0.141162675974031 -1.10397579980877 -0.131471903727866 -0.764252961436617 -1.38169275397724 -0.0152414376240344 -0.0283731814670268 -0.0276060810781825 -0.00420631272097513
-0.896045898685891 0.798803397960876 -0.602620435942122 -0.0601954525134429 -1.1070513207478 -0.368664227206838 0.952988716971419 -0.505101899796077 -0.0333343392705183 -0.0121077219605002 -0.0226455733230152 -0.0115799261395523
-1.01957307886863 0.619192545440943 -0.680770495906945 1.20537251221578 -0.252797869714532 -0.977781794614934 1.08170514892697 0.465625024389491 -0.0530977331809534 0.0149684403515738 0.000560125328836462 -0.0376224691846364
-0.555199306910861 -1.10694310797938 -0.626042845384085 -0.563607504910682 0.587277283310976 -0.517272596036844 0.45945923776995 0.840479062621297 -0.0637235197022541 0.0335436633663011 0.0199350890221369 -0.0486979638567277
-1.30082805865356 -0.873513742246424 0.273117019819754 -0.546737138189402 -1.90920193336816 -0.108386794656508 -0.164071376518043 -0.772011902870062 -0.0800526574644018 0.0675655511811917 -0.00247452039994877 -0.0350083739066576
-1.472299775925 -0.531104710167331 1.05039065458397 0.426513511279429 -1.25005866162804 -0.542023703780541 -0.814504404420657 -0.577577715600037 -0.0660307636662454 0.0379482922740632 -0.0155745210256459 -0.0209906764135431
-1.24041850452255 -0.290981431297258 1.44533595861264 -0.735662991675334 -0.486095000938105 -0.314811343289068 0.913320124074524 -1.29864636689292 -0.0361188422997679 -0.00888115261974911 -0.0201892513826577 -0.0149955813552259
-0.73014773981811 0.499401302804816 1.28100663313587 0.0974027209608685 -0.163260202826854 -0.938775499266765 -0.789329560099627 -0.764017612479852 0.0115986784793405 -0.0374968617707547 -0.0277260491566015 -0.0040201032126312
-0.525917102679408 0.656688042496226 0.145138967822135 0.223265124840323 0.548088269681159 -0.8860122785952 0.340976150982688 -0.803478621703024 0.01353076018549 -0.0374619585563843 -0.0499150726014251 0.0368217935137062
-0.451488036147329 0.664448596956234 -0.661044337981874 -0.814882263643066 1.83251159246357 -0.896976680444437 0.407384685615516 -0.289935756925839 -0.00338526050314006 -0.0346138172405327 -0.0422021629626917 0.0211813624867735
-0.643503037326439 0.889160441339123 -0.971322297219104 -0.494228169278412 -1.07815186109361 -1.06582262121374 -0.931067489633719 -1.46173057383044 -0.0133738055387151 -0.0295883412395537 -0.0198285478794599 -0.0154840207943511
-0.990565417307043 0.554349701974664 -1.05549822555951 -0.171265788889328 -0.403909919283615 -1.2231483377711 0.176863882603111 -0.58879138879776 -0.0347916403301064 -0.0104431255574618 -0.0236363133287461 -0.0101580848532951
-1.23728635905088 0.201976157860892 -0.490466963141053 -0.560480604744513 0.537408221547925 -1.69755068531207 0.454892555212225 -0.1640241581054 -0.0437194716093889 0.000908262978407503 -0.0151604938998533 -0.0215016251488971
-1.12541787312604 -0.161325609769675 0.0995746919330813 -0.658822431398401 1.55407625920919 -1.63067244035653 -0.0217029121194993 0.184325143958388 -0.0452098120800978 0.002996359416034 -0.0332986833538967 0.00503971566546841
-0.641478012215506 -0.260675565094547 -0.0412701628520952 -0.46463821465388 1.81083691699665 -1.54403251849664 -0.741759519105675 -0.0290081463674033 -0.0249587964779312 -0.0206499627768267 -0.0437495170168871 0.0241957606594235
-0.177825301389388 -0.642781729009713 -0.159431939579768 -1.63712342921683 0.651796400673896 -0.809053618557521 -0.885692644264724 -1.26727273542025 -0.0112303680943075 -0.0308759792324089 -0.0482886754250597 0.0333957400968716
-0.121967565347871 0.0927198590125948 -0.280265542279203 -0.274826253369159 -0.799194527335715 -1.02790546091462 -0.659926725711037 -2.05247560214444 -0.000819822648765 -0.0355038281903277 -0.052882894253178 0.0432499081308193
-0.397788476437505 0.0252324101335626 -0.890880636200501 1.101381715684 -0.185180875707309 -1.46474494264743 0.769906877122258 -1.18117918559767 -0.0175966503113551 -0.026717034029366 -0.0442074942652377 0.0250998211983878
-0.674035789982365 -0.233622771160323 -0.733712380611212 0.0545751188589193 0.572736777812873 -1.41321237853726 1.79873176110905 -0.582397183268987 -0.0337531949769206 -0.0116346975613683 -0.0423979615295786 0.0215593754387161
-0.694575775703445 0.239439973411589 -0.67487851792894 -1.15680264696208 -0.208801384712027 -1.37853475662495 -0.879871332832862 -0.282659747332277 -0.0303940670745853 -0.0153053566986283 -0.0241269723134038 -0.00944452612684692
-0.989154833673739 0.220506200685608 -0.652810992830901 -0.48588555479363 -1.41922434725645 -1.33684721827877 -0.0764807992930122 -0.660950432977537 -0.0425718034378768 -0.000662050038762894 -0.0347653494677623 0.0075576797503211
-1.26858099609814 -0.0787880241025361 0.0706209272757177 -1.19536103847031 0.0179692557265768 -1.82704243280199 1.01432287055884 -0.095513690572582 -0.0463701922864576 0.00466042341270504 -0.0262526959858096 -0.00628119680858737
-0.571520651867175 -1.11562060173353 0.921449164442207 -0.227837303032082 0.248525327073212 -2.69557313065586 0.370256256552682 0.782128376541949 -0.029464396335017 -0.0162716371426956 -0.0281298603258693 -0.00339058915635058
-0.672783365636738 -0.0340955997060641 0.417327366212856 -1.11925406476565 -1.31123061794261 -3.05410307282915 0.0898034314240376 -1.99376697772384 -0.00701271682104334 -0.033075857730495 -0.0272680490105359 -0.00472899021592226
-0.0443018908416346 -0.921186112515996 0.9934252035557 -0.315622528509809 -1.30905707822588 -3.53010489789276 -0.875878474607559 0.221679909605495 -0.0010089271099906 -0.0354438146468943 0.00897585109433759 -0.0436258508816076
-0.11874557851538 -0.803489163177871 1.60866300543668 0.00823145034546052 0.263772406103146 -3.7507430746379 0.835242049009209 -0.0899673276552475 0.00132331479779634 -0.0361217764476741 0.0032725868356198 -0.0397574514895518
1.00306564790779 1.59831726607175 3.05167358796042 1.66430110309635 -1.02039530625531 3.11063860823423 -4.68084547547407 5.83940927347931 0.0390660024601723 -0.0282738281394415 0.0854240128809612 -0.0142684172890991
0.893023935435708 1.24159374979506 2.22390864669817 -2.42861148528071 0.0340622056106609 3.96362498359728 1.26570771397974 0.832088572768259 0.058668204047731 -0.010211677302162 0.0376656784569354 -0.0503261568854686
1.46096243630078 1.68127156423807 1.83133000620397 -0.747307913431491 -0.310123207591955 2.5358975477256 0.0229769314951325 -0.184575330101247 0.0989960306917278 0.0570189118728162 0.0490268521092362 -0.0470955570571602
1.70880433808201 1.99162158498153 0.427179662508277 -0.00499865766397719 -0.304659756396015 2.03600985208214 0.971959619329756 -0.10236841042184 0.103847816363383 0.0678347048704819 0.0305030095834455 -0.0506472135182877
1.44476053389597 1.76605559930008 -0.312020760617417 -0.0317258236207174 0.271278790608602 1.38718454180821 2.44705264897489 0.902679899058273 0.0847934269473748 0.0287250616985901 0.0133758770238008 -0.0460354503992167
1.56486632808391 1.14576772411897 -0.857189224848987 -0.0958165732610015 -0.123998742161046 0.689806968931289 0.277385290151004 2.56366825508152 0.055471504507385 -0.0138097443818499 0.0177639601589721 -0.0479398541864119
0.991991069039009 0.980352113776555 -1.38667204620969 -0.241452703352561 -2.16016253637744 0.669998693345628 0.837497852724357 0.245181090307588 0.0312403536436953 -0.0328140307615583 -0.0191555364563853 -0.0163863696764423
0.401158651880283 -0.0698579226805264 -0.53632536113693 -0.213965025946405 -1.24415462778693 0.499494758877231 0.2420650327661 0.354196753708502 0.0103881024674727 -0.0374713951457003 -0.05032550749115 0.0376971967647261
0.572827933392902 -0.000573375204551098 0.09973838608807 0.396590094822685 0.329242184169857 0.689980879110424 -0.85578559120909 0.535231202280247 0.0376750863696393 -0.02919215587739 -0.0485738571192071 0.033991537752107
0.904799314080428 -1.03965225951316 -0.0786330842182074 2.79425080478175 0.645041073208046 1.78602272546144 -1.75675163620978 0.990963185349012 0.0395457323163277 -0.0279459292187476 0.0663344793176179 -0.0357578648781023
0.485313648122948 -0.704449735169011 -0.424654737244118 -0.16637921805792 1.99816312218857 2.11211096233437 0.431142645030749 -0.0230326832362803 0.0208944973039481 -0.0364772326885103 0.0210391226494485 -0.0490367108503414
0.632730547415791 -0.364122630215253 -1.62396657985162 0.387843246670845 1.83736093382593 1.25803713412384 -0.00262395110814388 -0.424607669559321 0.0130143195747108 -0.0374803845902691 0.00710998503813239 -0.0424528612415995
